     0/299     3.64G   0.04993     0.497   0.08368    0.6306        24       640   0.01272    0.1988  0.004606 0.0008759    0.1012    0.1115    0.1163
     1/299     3.63G   0.06504   0.03563    0.1049    0.2056        29       640   0.02224    0.2516   0.01376  0.003045   0.08399    0.0483   0.09904
     2/299     3.64G   0.05842    0.0338   0.07313    0.1653        35       640    0.1729      0.37   0.04341   0.01901   0.07265    0.0554   0.06372
     3/299     3.64G   0.05844     0.035   0.04336    0.1368        52       640    0.7587    0.1187   0.04717   0.01838   0.07196    0.1199   0.05012
     4/299     3.64G   0.05792   0.02709   0.03594    0.1209        13       640    0.7709    0.1516   0.05376   0.01908    0.0826    0.1063   0.04954
     5/299     3.64G   0.05236   0.02292   0.03455    0.1098         8       640     0.435    0.1407   0.03067   0.00626   0.07865    0.1319    0.0509
     6/299     3.64G   0.04811    0.0237   0.03483    0.1066        28       640    0.5396    0.2854    0.0919    0.0505   0.06795   0.08129   0.05034
     7/299     3.64G   0.04323   0.02465   0.03474    0.1026        15       640    0.5977    0.2363    0.0921   0.03902   0.06616   0.07572   0.05018
     8/299     3.64G   0.03876   0.02435   0.03489     0.098        25       640    0.5646    0.2573   0.09607   0.05842   0.06139   0.06783   0.05025
     9/299     4.12G    0.0382   0.02324    0.0361   0.09755        14       640     0.145    0.3799    0.0845    0.0459   0.05738   0.06407   0.04992
    10/299     4.12G   0.03652   0.02394   0.03552   0.09598        24       640    0.3496    0.4003   0.09247   0.04949   0.05453   0.06279   0.04955
    11/299     4.12G   0.03612   0.02307   0.03525   0.09444        26       640    0.3301    0.3656   0.08683   0.03982   0.05925      0.06   0.04953
    12/299     4.12G   0.03465   0.02355   0.03523   0.09343        22       640    0.0694    0.8025   0.09405   0.06498   0.04702   0.05581   0.04889
    13/299     4.12G   0.03435   0.02311   0.03455     0.092        31       640    0.3373    0.4766   0.09853   0.05447   0.05688   0.05552   0.04889
    14/299     4.12G   0.03444   0.02372   0.03375   0.09191         7       640    0.5106    0.3138    0.1094   0.06666   0.04848    0.0535   0.04917
    15/299     4.12G    0.0317   0.02544   0.03384   0.09098        27       640    0.5079    0.3058    0.1127    0.0821   0.04505   0.04838   0.04922
    16/299     4.12G   0.03152   0.02595   0.03401   0.09149        18       640   0.06296    0.7968   0.09154   0.06497   0.04564   0.03803   0.04876
    17/299     4.12G    0.0297   0.02625   0.03326    0.0892        19       640    0.4323    0.3378    0.1332   0.09392   0.04217   0.03896   0.04837
    18/299     4.12G    0.0303    0.0267   0.03281   0.08982        28       640    0.3479    0.4583     0.129   0.08508   0.04061   0.03965   0.04865
    19/299     4.12G   0.02941   0.02749   0.03222   0.08912        13       640   0.06946    0.8149    0.1248   0.09176   0.03712   0.03787   0.04876
    20/299     4.12G   0.02703   0.02599   0.03176   0.08479        30       640    0.4917     0.474    0.1571    0.1124    0.0378    0.0388   0.04948
    21/299     4.12G   0.02748   0.02614   0.03139   0.08502        23       640    0.5727    0.4311    0.1635    0.1059   0.04108   0.03829   0.04961
    22/299     4.12G   0.02684   0.02606   0.03102   0.08392        22       640    0.5005    0.4224    0.1694    0.1294   0.03675   0.04187   0.04952
    23/299     4.12G   0.02741   0.02438   0.03072   0.08251        25       640    0.5653    0.4126    0.1698    0.1273   0.03834   0.04199   0.04962
    24/299     4.12G   0.02659   0.02507   0.03034     0.082        21       640    0.5631    0.4678     0.164    0.1223   0.03781    0.0434   0.04946
    25/299     4.12G   0.02695   0.02559   0.02958   0.08212        14       640   0.09051    0.8118    0.1729    0.1246   0.03848     0.055   0.04949
    26/299     4.12G   0.02752   0.02496   0.02914   0.08162        32       640    0.5802    0.4451    0.2009    0.1503   0.03627   0.05776   0.05058
    27/299     4.12G   0.02596   0.02478   0.02853   0.07927        30       640    0.5838    0.4224    0.1936    0.1461   0.03585   0.05643   0.05029
    28/299     4.12G   0.02651   0.02359   0.02756   0.07766        38       640    0.5281    0.4911    0.2043    0.1581   0.03752   0.04972   0.05007
    29/299     4.12G    0.0269   0.02495   0.02721   0.07906        14       640     0.633     0.325    0.2022    0.1422   0.03708   0.04559    0.0496
    30/299     4.12G   0.02667   0.02443   0.02621   0.07732        27       640    0.5874    0.4848    0.2171    0.1674    0.0342   0.04438   0.04986
    31/299     4.12G   0.02642   0.02496   0.02547   0.07685        17       640    0.5868    0.4575    0.2095    0.1531   0.03526   0.04547   0.04945
    32/299     4.12G   0.02693   0.02471     0.025   0.07664         7       640    0.6116    0.4299    0.2252    0.1646   0.03678   0.04431    0.0501
    33/299     4.12G   0.02665   0.02407   0.02417   0.07489        22       640     0.598    0.4373     0.224    0.1703   0.03265   0.04511    0.0504
    34/299     4.12G    0.0259   0.02437   0.02386   0.07412        49       640    0.5993    0.4503    0.2258    0.1647   0.03451   0.04546   0.05179
    35/299     4.12G   0.02498   0.02385   0.02384   0.07268        18       640    0.6079    0.4749    0.2329    0.1724   0.03577   0.04462    0.0512
    36/299     4.12G   0.02614   0.02411   0.02335    0.0736        17       640    0.6015    0.4598    0.2343    0.1641   0.03346   0.04354   0.05027
    37/299     4.12G   0.02617   0.02362   0.02328   0.07307        24       640    0.5376    0.4818    0.2329    0.1778   0.03322   0.04234   0.05143
    38/299     4.12G   0.02381   0.02401   0.02282   0.07064        15       640    0.5335    0.4586    0.2433    0.1839   0.03535    0.0418   0.04972
    39/299     4.12G   0.02438   0.02438   0.02263   0.07138        23       640    0.5376    0.4889     0.247    0.1888   0.03243   0.04539   0.05083
    40/299     4.12G   0.02541   0.02389   0.02245   0.07175        37       640    0.5424    0.4774    0.2413    0.1855   0.03187   0.04504   0.04985
    41/299     4.12G   0.02519   0.02317   0.02242   0.07079        22       640    0.4743    0.4871    0.2335    0.1792   0.03392   0.04819   0.05217
    42/299     4.12G   0.02441   0.02366   0.02227   0.07034        39       640    0.6577    0.3791    0.2463    0.1914    0.0328   0.04269   0.05043
    43/299     4.12G    0.0235   0.02423   0.02163   0.06936        30       640    0.5496    0.4568    0.2534    0.1871   0.03389   0.04538   0.05043
    44/299     4.12G   0.02419   0.02366   0.02124   0.06909        18       640    0.6624    0.3466    0.2642    0.2024   0.03187   0.04395   0.05091
    45/299     4.12G   0.02391   0.02416    0.0215   0.06957         9       640    0.5828    0.4003    0.2691    0.1985   0.03327   0.04762   0.05059
    46/299     4.12G    0.0246   0.02374    0.0208   0.06915        15       640    0.6554    0.3967    0.2741    0.2094   0.03123   0.04591   0.04971
    47/299     4.12G   0.02274   0.02366   0.02105   0.06745         7       640    0.6493    0.4223    0.2799    0.2175   0.02991   0.04757   0.05102
    48/299     4.12G    0.0235   0.02433   0.02042   0.06825         7       640    0.6395    0.4441    0.2855    0.2151   0.03037   0.04548   0.05045
    49/299     4.12G   0.02276   0.02343   0.01976   0.06596        10       640    0.5737    0.4503    0.2953    0.2245   0.03073   0.04639   0.05074
    50/299     4.12G   0.02341   0.02378   0.01972   0.06692        29       640    0.6483     0.429    0.3023    0.2201   0.03132   0.04728   0.05068
    51/299     4.12G   0.02316   0.02247   0.01966   0.06529        19       640    0.5763    0.3766    0.2786    0.2097   0.03154   0.05363   0.05393
    52/299     4.12G   0.02495   0.02382   0.01969   0.06846        17       640    0.2222    0.7133     0.305    0.2209    0.0324   0.04904   0.05174
    53/299     4.12G   0.02381   0.02267   0.01901   0.06549        26       640    0.6711    0.4305    0.3371    0.2537   0.03039   0.04436   0.05061
    54/299     4.12G   0.02205   0.02371   0.01849   0.06425        41       640    0.6695    0.4327     0.347    0.2714   0.02977   0.04885   0.05159
    55/299     4.12G   0.02352   0.02403   0.01835    0.0659         9       640    0.6882    0.4015     0.346    0.2519   0.03156   0.04749   0.05082
    56/299     4.12G   0.02373   0.02299   0.01849   0.06521        36       640    0.5395    0.4771    0.3238    0.2343   0.03058   0.04373   0.05244
    57/299     4.12G   0.02178   0.02284   0.01823   0.06285        31       640    0.5344     0.465    0.3331    0.2603   0.02998   0.05118    0.0522
    58/299     4.12G   0.02182   0.02385   0.01865   0.06431        46       640     0.637    0.4376    0.3656    0.2737   0.03105   0.04788   0.05167
    59/299     4.12G   0.02228    0.0236   0.01785   0.06374        42       640    0.6271    0.4715    0.3643    0.2882   0.02857   0.04519   0.05109
    60/299     4.12G   0.02203   0.02311   0.01763   0.06276        16       640    0.6472    0.3787    0.3591    0.2744   0.03071   0.04285   0.05117
    61/299     4.12G   0.02136   0.02236    0.0179   0.06162        14       640    0.6767    0.4539    0.3782    0.2844   0.02982   0.05197   0.05156
    62/299     4.12G   0.02138   0.02389   0.01713    0.0624        16       640     0.641    0.4683    0.3932     0.301   0.03088   0.04618    0.0508
    63/299     4.12G   0.02425   0.02217   0.01726   0.06368        29       640    0.6591    0.4369    0.3955    0.3048    0.0298   0.05244   0.05074
    64/299     4.12G   0.02286   0.02314   0.01739    0.0634        27       640    0.5223     0.521     0.317    0.2323   0.03222   0.04564   0.05278
    65/299     4.12G   0.02278   0.02257   0.01703   0.06237        12       640    0.5913    0.4362    0.4035    0.3093   0.03034   0.04173   0.05048
    66/299     4.12G   0.02271   0.02289   0.01682   0.06242        31       640    0.5925    0.4085    0.3904    0.3033   0.02978   0.04591   0.05151
    67/299     4.12G   0.02169   0.02341   0.01661   0.06171         8       640    0.5869    0.4721    0.4087    0.3233   0.02966   0.04591   0.05069
    68/299     4.12G   0.02183   0.02211   0.01636    0.0603        35       640    0.5884    0.5286    0.4298    0.3449   0.02862   0.04882   0.05107
    69/299     4.12G   0.02063   0.02333   0.01647   0.06043        28       640    0.5854     0.505    0.4144     0.331   0.02846   0.04434   0.04906
    70/299     4.12G    0.0211   0.02199   0.01575   0.05884        18       640    0.5971    0.5432    0.4445     0.347   0.02859   0.04238   0.04816
    71/299     4.12G   0.02283   0.02253   0.01592   0.06128        15       640    0.5947    0.4868    0.4197    0.3366   0.02902   0.04311   0.05017
    72/299     4.12G   0.02084   0.02221   0.01601   0.05906        17       640    0.6265    0.4901    0.4553    0.3656   0.02872   0.04794   0.04983
    73/299     4.12G   0.02151   0.02248   0.01541   0.05939        27       640    0.6335     0.489    0.4445    0.3512   0.02897   0.04559    0.0505
    74/299     4.12G   0.02254   0.02228   0.01542   0.06024        63       640    0.5622    0.5213    0.4764    0.3843   0.02857   0.04321   0.05096
    75/299     4.12G   0.02079   0.02182   0.01536   0.05796        27       640    0.3027    0.7258    0.4368    0.3521    0.0286   0.04799   0.05137
    76/299     4.12G   0.01984   0.02186   0.01545   0.05714        12       640    0.3088    0.6973    0.4435    0.3589   0.02926   0.04712   0.05064
    77/299     4.12G   0.02091   0.02275    0.0149   0.05855        11       640     0.323    0.7283    0.4575    0.3685   0.02899   0.04612   0.05034
    78/299     4.12G   0.02153   0.02199   0.01509   0.05861        13       640    0.3181    0.7402    0.4665    0.3737   0.02904    0.0466   0.04973
    79/299     4.12G    0.0206   0.02202   0.01514   0.05777         8       640    0.3623    0.5878    0.4603    0.3726   0.02844   0.04547   0.05005
    80/299     4.12G   0.02005   0.02156   0.01491   0.05652        25       640    0.3962    0.5695     0.475    0.3687   0.02999   0.04381   0.04966
    81/299     4.12G   0.02147   0.02239   0.01447   0.05832        19       640    0.3691    0.6646    0.4858    0.3942   0.02811   0.04596   0.04933
    82/299     4.12G   0.01968   0.02165   0.01383   0.05516        36       640    0.4274    0.5366    0.4858    0.3935   0.02759    0.0467   0.04962
    83/299     4.12G   0.01906   0.02164   0.01413   0.05483        19       640    0.3716    0.6548    0.4818    0.3921   0.02861   0.05338   0.04995
    84/299     4.12G   0.01957   0.02169   0.01374     0.055        13       640    0.4482    0.5893    0.5048    0.4089   0.02786   0.04788   0.04935
    85/299     4.12G   0.02016   0.02207   0.01351   0.05575        45       640    0.4081    0.6414    0.4977    0.4118   0.02799   0.05079   0.04922
    86/299     4.12G   0.02009   0.02196   0.01349   0.05554        27       640    0.3967    0.6949    0.5085    0.4152   0.02777   0.04661    0.0481
    87/299     4.12G   0.02126   0.02256   0.01349    0.0573        36       640    0.4127    0.6802    0.5087    0.4099   0.02849   0.04993   0.04931
    88/299     4.12G   0.02027   0.02207   0.01375    0.0561        26       640    0.4244    0.7231    0.5129    0.4086    0.0286   0.04496   0.04839
    89/299     4.12G   0.01994   0.02108   0.01374   0.05476        15       640    0.4859    0.6886     0.544    0.4174   0.02935   0.05208   0.04991
    90/299     4.12G   0.02042   0.02114   0.01324    0.0548        37       640    0.4768     0.716    0.5464    0.4502   0.02863   0.05004   0.04932
    91/299     4.12G   0.02081   0.02122   0.01307    0.0551        22       640    0.4877    0.6838     0.554    0.4476   0.02835   0.05168   0.04877
    92/299     4.12G   0.01862   0.02163   0.01251   0.05276        18       640    0.5124    0.7076    0.5823    0.4757   0.02795   0.05071   0.04916
    93/299     4.12G   0.01824    0.0215   0.01285   0.05259         8       640     0.585    0.6133    0.5806    0.4769   0.02717   0.04939   0.04865
    94/299     4.12G   0.02025   0.02064   0.01221    0.0531        25       640    0.5236    0.7167    0.5929    0.4624   0.02821   0.04914   0.04776
    95/299     4.12G   0.02046   0.02058   0.01251   0.05355        14       640    0.4312    0.7748    0.5798    0.4748   0.02781   0.05384   0.04832
    96/299     4.12G   0.01928   0.02132   0.01243   0.05303        23       640    0.5313    0.6727    0.5969    0.4948   0.02717   0.05263   0.04862
    97/299     4.12G   0.01872   0.02048    0.0121   0.05129        14       640    0.4253    0.7477     0.608    0.4961   0.02797   0.04988   0.04791
    98/299     4.12G   0.01802   0.02095   0.01221   0.05118        20       640    0.4935    0.6469    0.5982    0.4928   0.02733   0.04752   0.04882
    99/299     4.12G   0.01854   0.02096   0.01148   0.05097        27       640    0.5059    0.7039     0.621    0.5112   0.02703   0.05072   0.04725
   100/299     4.12G   0.01976   0.02111   0.01177   0.05263        12       640    0.5251    0.6867    0.6251    0.5158   0.02753   0.05277   0.04797
   101/299     4.12G   0.01913   0.02157   0.01154   0.05225        36       640    0.4997    0.7387    0.6235    0.5159   0.02745   0.05099   0.04801
   102/299     4.12G   0.01781   0.02128   0.01166   0.05075        16       640    0.5232    0.6839    0.6266    0.5202   0.02711   0.04936    0.0483
   103/299     4.12G   0.01887   0.02012   0.01109   0.05008        15       640    0.5084     0.735    0.6542    0.5426   0.02712   0.05226   0.04856
   104/299     4.12G   0.01764   0.02091   0.01088   0.04944        19       640    0.4614       0.8    0.6332    0.5154   0.02742   0.05135   0.04815
   105/299     4.12G   0.01881   0.02084   0.01142   0.05107        18       640    0.4883    0.7853    0.6244    0.5166   0.02718   0.05245   0.04819
   106/299     4.12G   0.01783   0.02067   0.01133   0.04983        45       640    0.5312    0.7226      0.63    0.5272   0.02686   0.05329   0.04832
   107/299     4.12G   0.01812   0.02082   0.01127   0.05021        24       640    0.5099    0.7738    0.6549    0.5434   0.02739    0.0517   0.04811
   108/299     4.12G   0.01878   0.02083    0.0108   0.05042        39       640    0.5168     0.753    0.6378    0.5279   0.02739    0.0508   0.04724
   109/299     4.12G    0.0171   0.02058   0.01058   0.04826        12       640    0.5529    0.7228    0.6615    0.5527   0.02669   0.04986   0.04817
   110/299     4.12G   0.01745    0.0202    0.0106   0.04824         8       640    0.5548    0.7001    0.6769    0.5587   0.02725   0.05067   0.04804
   111/299     4.12G   0.01803   0.02021   0.01054   0.04877        11       640     0.535    0.7772    0.6803    0.5656    0.0269   0.05056    0.0476
   112/299     4.12G   0.01733   0.02036   0.01013   0.04781        36       640    0.5282    0.7979    0.6867    0.5545   0.02768   0.05017   0.04692
   113/299     4.12G   0.01847   0.02051   0.01019   0.04916        40       640    0.5263    0.7834    0.6691    0.5595   0.02694    0.0535   0.04708
   114/299     4.12G   0.01733   0.01997    0.0103    0.0476        17       640    0.5265    0.8155    0.6843    0.5701   0.02714   0.05031   0.04658
   115/299     4.12G    0.0164   0.02044   0.01011   0.04695        32       640    0.5666    0.7294    0.6794    0.5691   0.02679   0.05017    0.0476
   116/299     4.12G   0.01688   0.02042   0.01024   0.04754        41       640    0.4952    0.8382    0.6723    0.5596   0.02697   0.04959   0.04665
   117/299     4.12G   0.01822    0.0206   0.01005   0.04886        32       640    0.4861    0.8523    0.6826    0.5708   0.02681   0.05025   0.04673
   118/299     4.12G   0.01846   0.01998   0.00973   0.04817        24       640    0.5301    0.8041    0.6951    0.5799   0.02652   0.05008   0.04715
   119/299     4.12G   0.01727   0.01967  0.009829   0.04676        26       640    0.5307    0.7963    0.6858    0.5728   0.02641   0.04889   0.04627
   120/299     4.12G   0.01547    0.0195  0.009531    0.0445        28       640    0.5201    0.8461    0.6913    0.5811   0.02644   0.05161   0.04748
   121/299     4.12G   0.01664   0.02057  0.009356   0.04657        20       640    0.5314    0.8185    0.7044    0.5921   0.02675   0.04931   0.04709
   122/299     4.12G   0.01844   0.01993  0.009655   0.04803        16       640    0.5482    0.8088     0.695    0.5872   0.02637   0.04842   0.04649
   123/299     4.12G   0.01804   0.02136  0.009426   0.04883        37       640    0.5019    0.8741    0.7092    0.5914   0.02757   0.05067   0.04666
   124/299     4.12G   0.01649   0.02005  0.009184   0.04573        29       640    0.5171    0.8452    0.7059    0.5973   0.02642   0.04869   0.04698
   125/299     4.12G    0.0173   0.02029  0.009028   0.04662        27       640    0.5244    0.8508    0.7181    0.6038   0.02663   0.04876   0.04627
   126/299     4.12G   0.01738    0.0203  0.009127    0.0468        21       640    0.5449    0.8312     0.705    0.5908   0.02653    0.0494   0.04674
   127/299     4.12G   0.01739   0.01975  0.009064    0.0462        64       640     0.511    0.8136    0.6984    0.5874   0.02646   0.05208   0.04645
   128/299     4.12G   0.01725   0.01986  0.009207   0.04631        21       640    0.5264    0.8328    0.7152    0.6078   0.02648   0.04908   0.04601
   129/299     4.12G   0.01683    0.0208   0.00902   0.04666        28       640    0.5283    0.8842    0.7213    0.6061   0.02642   0.05026    0.0461
   130/299     4.12G   0.01639   0.02064  0.008772   0.04581        48       640    0.6492    0.7283    0.7167     0.608   0.02632   0.04863   0.04621
   131/299     4.12G   0.01667   0.02004  0.008565   0.04527        13       640    0.5691    0.7906    0.7083    0.5998   0.02613   0.05063   0.04578
   132/299     4.12G   0.01658   0.02007  0.008797   0.04544        24       640    0.6487     0.763    0.7251    0.5969   0.02674   0.04925   0.04582
   133/299     4.12G   0.01665   0.02055  0.008824   0.04602        47       640    0.5705    0.8242    0.7276    0.6106   0.02652   0.05045    0.0466
   134/299     4.12G    0.0164   0.02001  0.008386   0.04479        14       640    0.6283    0.7664    0.7221    0.6116   0.02615   0.04713   0.04645
   135/299     4.12G   0.01576   0.02053  0.008516    0.0448        12       640    0.6553    0.7435     0.723     0.611   0.02626   0.05179   0.04664
   136/299     4.12G   0.01581   0.01937  0.008261   0.04345        12       640    0.5429    0.8531    0.7322    0.6198   0.02636   0.05008   0.04583
   137/299     4.12G   0.01638    0.0205  0.008277   0.04516         8       640    0.7265    0.7211      0.74    0.6276   0.02607   0.04854   0.04585
   138/299     4.12G   0.01637   0.01911  0.008056   0.04353        13       640    0.5811    0.7904    0.7292    0.6198   0.02606   0.05008   0.04668
   139/299     4.12G   0.01535   0.01926  0.008123   0.04272        29       640    0.5802     0.811    0.7535    0.6387   0.02614   0.05018   0.04605
   140/299     4.12G   0.01547   0.01984  0.008088    0.0434        24       640    0.5914    0.8401    0.7261    0.6188   0.02601   0.05024   0.04616
   141/299     4.12G   0.01504   0.01918  0.007969   0.04219        20       640    0.5921    0.8305    0.7444    0.6362   0.02579   0.04788   0.04585
   142/299     4.12G   0.01506   0.01957  0.007754   0.04238        28       640    0.5913    0.8594    0.7482    0.6397    0.0259   0.04819   0.04641
   143/299     4.12G   0.01656   0.01961  0.007858   0.04402        39       640    0.5876    0.8273    0.7459    0.6318   0.02596   0.05058   0.04593
   144/299     4.12G   0.01625   0.01996   0.00805   0.04426        16       640    0.6091    0.8278     0.756     0.642    0.0263   0.04896   0.04592
   145/299     4.12G   0.01578   0.01982  0.007798    0.0434        35       640     0.711    0.7779    0.7675    0.6514   0.02604   0.04921   0.04674
   146/299     4.12G   0.01453   0.01967  0.007482   0.04167        14       640    0.6178    0.7933    0.7625    0.6468   0.02619   0.05232   0.04732
   147/299     4.12G   0.01425   0.01942  0.007987   0.04165        37       640    0.6504    0.7817    0.7631    0.6527   0.02569   0.04898   0.04605
   148/299     4.12G   0.01515   0.01933  0.007286   0.04176        10       640    0.7231    0.7664    0.7681    0.6535   0.02621   0.05064   0.04651
   149/299     4.12G   0.01583   0.01927  0.007576   0.04268        38       640    0.7028    0.7699    0.7747     0.662   0.02568   0.04888    0.0465
   150/299     4.12G   0.01561   0.01978  0.007487   0.04288        21       640    0.7503    0.7413    0.7788    0.6658   0.02584   0.05008   0.04662
   151/299     4.12G   0.01572   0.01995  0.007352   0.04302        28       640    0.7355    0.7851    0.7773    0.6618   0.02599    0.0519   0.04668
   152/299     4.12G   0.01513   0.01877  0.007406   0.04131         9       640    0.6327    0.8441    0.7857    0.6687   0.02594   0.04986   0.04627
   153/299     4.12G    0.0154    0.0187  0.007446   0.04155        40       640    0.6623    0.8039    0.7791     0.664   0.02601   0.05033   0.04651
   154/299     4.12G   0.01491   0.01935  0.007541    0.0418        20       640    0.6202    0.8585    0.7854    0.6695   0.02585   0.05053    0.0466
   155/299     4.12G   0.01526   0.01916  0.007294   0.04172        16       640    0.6457    0.8596    0.7825    0.6614   0.02628   0.05202   0.04652
   156/299     4.12G   0.01484   0.01879  0.007296   0.04093        21       640    0.6387    0.8754    0.7904    0.6755    0.0258   0.05091    0.0464
   157/299     4.12G   0.01498   0.01887  0.007091   0.04094        10       640    0.6165    0.8622    0.7756    0.6631   0.02579   0.05093   0.04675
   158/299     4.12G   0.01402   0.01901  0.006977   0.04001        24       640    0.7577    0.7504    0.7856    0.6732    0.0257   0.05055   0.04662
   159/299     4.12G   0.01452   0.01908  0.007137   0.04074        22       640    0.6294    0.8463    0.7856    0.6708   0.02569   0.05037   0.04618
   160/299     4.12G   0.01455   0.01864  0.006993   0.04018        18       640    0.6609    0.8323    0.8001    0.6814   0.02586   0.05188   0.04647
   161/299     4.12G   0.01499   0.01867  0.006891   0.04055        37       640    0.6998    0.8068    0.8009    0.6804   0.02567   0.05253    0.0466
   162/299     4.12G   0.01406   0.01869    0.0068   0.03955        23       640    0.6861     0.826    0.8012    0.6826    0.0257   0.05091   0.04675
   163/299     4.12G   0.01454   0.01872  0.006795   0.04005        17       640    0.6906    0.8023    0.7857    0.6716   0.02571   0.05182   0.04699
   164/299     4.12G   0.01429   0.01871  0.006958   0.03995        40       640    0.6525    0.8505    0.7973    0.6825    0.0258   0.05193   0.04619
   165/299     4.12G    0.0143   0.01855  0.006684   0.03954        41       640     0.634    0.8846     0.808    0.6909    0.0256   0.05372   0.04596
   166/299     4.12G   0.01383   0.01839  0.006557   0.03878         9       640    0.6742    0.8529    0.8002    0.6824   0.02577   0.05403   0.04652
   167/299     4.12G   0.01402   0.01798  0.006471   0.03847        11       640     0.647    0.8705    0.8047    0.6867   0.02569   0.05269    0.0466
   168/299     4.12G   0.01349   0.01846  0.006631   0.03857        17       640    0.6854    0.8433    0.7993    0.6853   0.02561   0.05459   0.04708
   169/299     4.12G   0.01461   0.01917  0.006544   0.04032        15       640    0.6909    0.8199    0.7909    0.6796   0.02557   0.05436   0.04679
   170/299     4.12G   0.01382   0.01747  0.006508    0.0378        30       640    0.6713     0.859    0.8084    0.6957   0.02558   0.05399   0.04685
   171/299     4.12G   0.01399    0.0181  0.006563   0.03865        49       640    0.6781    0.8571    0.8055     0.692    0.0255   0.05338    0.0468
   172/299     4.12G   0.01345    0.0182  0.006648   0.03829        55       640    0.6664    0.8593    0.8036    0.6897   0.02563   0.05322   0.04781
   173/299     4.12G   0.01363   0.01836  0.006532   0.03853        18       640    0.6595    0.8611    0.8091    0.6933   0.02549   0.05236   0.04709
   174/299     4.12G    0.0139   0.01842  0.006572   0.03889        24       640     0.707    0.7925    0.8175    0.7041   0.02544   0.05473   0.04677
   175/299     4.12G   0.01326   0.01812  0.006379   0.03776        39       640    0.6652    0.8508    0.8079    0.6944   0.02548   0.05332   0.04705
   176/299     4.12G   0.01396   0.01862  0.006421     0.039        35       640    0.6886    0.8382    0.8176     0.699   0.02561   0.05522   0.04776
   177/299     4.12G   0.01354   0.01756  0.006327   0.03743        24       640    0.6811    0.8505    0.8219    0.7023   0.02559   0.05592   0.04713
   178/299     4.12G   0.01291   0.01737  0.006097   0.03638        19       640    0.6701    0.8597    0.8205    0.7036   0.02569   0.05964   0.04719
   179/299     4.12G   0.01345   0.01741   0.00623   0.03709        52       640    0.6794    0.8434    0.8119    0.6989   0.02556   0.05584   0.04789
   180/299     4.12G   0.01366   0.01793   0.00632   0.03791        30       640    0.7989    0.7468    0.8237    0.7088   0.02562   0.05811   0.04616
   181/299     4.12G   0.01335   0.01752  0.006096   0.03697         5       640    0.6731    0.8627    0.8275    0.7089   0.02581   0.05575   0.04756
   182/299     4.12G   0.01311   0.01712  0.006113   0.03635        13       640     0.684    0.8612    0.8336    0.7166   0.02565   0.05591   0.04684
   183/299     4.12G   0.01282   0.01722  0.006032   0.03607        23       640    0.6664    0.8647    0.8329    0.7165   0.02541   0.05642   0.04693
   184/299     4.12G   0.01292   0.01723  0.005795   0.03594        50       640    0.6706    0.8416    0.8145    0.6997   0.02563   0.05531   0.04727
   185/299     4.12G    0.0134    0.0178  0.005731   0.03693        32       640    0.6951    0.8485    0.8258     0.708   0.02568   0.05786   0.04718
   186/299     4.12G   0.01296   0.01798  0.005713   0.03665        12       640    0.6851     0.856    0.8257    0.7123   0.02547    0.0544   0.04703
   187/299     4.12G   0.01247   0.01709  0.005673   0.03522         8       640     0.688    0.8602     0.829    0.7147   0.02542   0.05601   0.04818
   188/299     4.12G   0.01291   0.01688  0.005641   0.03543        22       640    0.6697    0.8647    0.8282    0.7117   0.02562   0.05766   0.04772
   189/299     4.12G    0.0128   0.01752  0.005901   0.03622        21       640    0.6984    0.8559    0.8273    0.7145   0.02544   0.05562   0.04738
   190/299     4.12G   0.01241   0.01737  0.005765   0.03555        36       640    0.6748     0.865    0.8244    0.7098   0.02553    0.0578   0.04767
   191/299     4.12G   0.01269    0.0177  0.005731   0.03612        14       640    0.6837    0.8594    0.8119    0.6987   0.02553   0.05711   0.04725
   192/299     4.12G   0.01295   0.01713  0.005609   0.03569        40       640    0.6739    0.8591    0.8219    0.7071   0.02542   0.05744   0.04762
   193/299     4.12G    0.0126   0.01697   0.00558   0.03515        10       640    0.6938    0.8642    0.8195    0.7036   0.02546   0.05645   0.04764
   194/299     4.12G   0.01233   0.01746  0.005492   0.03528         6       640    0.6758      0.87    0.8224    0.7085    0.0255   0.05692   0.04758
   195/299     4.12G   0.01266   0.01706  0.005626   0.03535        39       640    0.6938    0.8484    0.8318    0.7146   0.02545   0.05738   0.04762
   196/299     4.12G   0.01281   0.01713  0.005588   0.03553        12       640    0.7126    0.8375     0.832    0.7177   0.02549   0.05816   0.04704
   197/299     4.12G   0.01225   0.01638   0.00527    0.0339        29       640    0.7308    0.8307    0.8337    0.7188   0.02555   0.05898   0.04685
   198/299     4.12G   0.01232   0.01647  0.005495   0.03429        33       640    0.7121    0.8504    0.8378    0.7235    0.0254   0.05859   0.04708
   199/299     4.12G   0.01228   0.01636  0.005265    0.0339         6       640     0.723    0.8346    0.8307    0.7167   0.02541   0.06043   0.04735
   200/299     4.12G   0.01223   0.01635  0.005415     0.034        24       640    0.7108    0.8548    0.8343    0.7184   0.02538    0.0587   0.04666
   201/299     4.12G     0.012   0.01645  0.005429   0.03387        55       640    0.7154    0.8428     0.828    0.7143   0.02548   0.05956   0.04679
   202/299     4.12G   0.01209    0.0165  0.005201   0.03379        25       640    0.7094     0.853    0.8368    0.7228   0.02536   0.05967    0.0472
   203/299     4.12G   0.01212   0.01611  0.005187   0.03342        17       640    0.6882    0.8635    0.8309     0.716    0.0255   0.06087   0.04727
   204/299     4.12G   0.01218   0.01644  0.005314   0.03393        26       640    0.7228    0.8461    0.8371    0.7227   0.02546    0.0594   0.04742
   205/299     4.12G   0.01212   0.01636    0.0049   0.03338        50       640    0.7107    0.8549    0.8462    0.7302   0.02544   0.05948   0.04707
   206/299     4.12G   0.01235   0.01628  0.005309   0.03394        16       640    0.6923    0.8606    0.8371     0.722   0.02548   0.05986   0.04704
   207/299     4.12G   0.01217   0.01688  0.005102   0.03415        29       640    0.6989    0.8682    0.8424    0.7259   0.02534    0.0587   0.04723
   208/299     4.12G   0.01235   0.01602  0.005335    0.0337        24       640     0.689     0.875    0.8379    0.7224   0.02549   0.06167   0.04694
   209/299     4.12G   0.01208   0.01601   0.00516   0.03326        24       640    0.7024    0.8676    0.8426    0.7255   0.02538   0.06053   0.04714
   210/299     4.12G   0.01178   0.01622  0.004689   0.03269        35       640    0.7265      0.86    0.8475    0.7301   0.02547   0.06189    0.0473
   211/299     4.12G    0.0119   0.01601  0.005042   0.03296        10       640    0.7305    0.8576    0.8583    0.7416   0.02538   0.06212   0.04731
   212/299     4.12G    0.0119   0.01612  0.004863   0.03288        37       640    0.8579    0.7519    0.8485    0.7336   0.02531    0.0611   0.04739
   213/299     4.12G   0.01193   0.01655   0.00491   0.03339        23       640    0.7036    0.8816    0.8464    0.7308   0.02533    0.0599   0.04823
   214/299     4.12G   0.01179   0.01562  0.004812   0.03222        10       640    0.7264    0.8471    0.8392     0.724   0.02535   0.06212   0.04804
   215/299     4.12G   0.01186   0.01582  0.004856   0.03254        23       640    0.7231    0.8404    0.8466    0.7317   0.02546   0.06044   0.04761
   216/299     4.12G   0.01175   0.01592  0.004677   0.03234        26       640    0.6901    0.8692     0.843    0.7292   0.02544   0.06337   0.04751
   217/299     4.12G   0.01188   0.01494  0.004792   0.03161        10       640    0.7219    0.8467    0.8488     0.734   0.02533   0.06277   0.04832
   218/299     4.12G   0.01203   0.01564  0.004881   0.03256        38       640    0.7194    0.8507    0.8451    0.7303   0.02539   0.06362   0.04801
   219/299     4.12G   0.01185   0.01597  0.004986   0.03281        10       640    0.7449    0.8253    0.8449    0.7308   0.02533   0.06213   0.04788
   220/299     4.12G   0.01178   0.01598   0.00474    0.0325        10       640    0.7286    0.8452    0.8518    0.7367   0.02531   0.06296    0.0479
   221/299     4.12G   0.01174   0.01545    0.0047   0.03189        38       640    0.7662    0.8298    0.8504    0.7348   0.02534   0.06404   0.04774
   222/299     4.12G   0.01168   0.01559  0.004654   0.03192        44       640    0.7345    0.8521    0.8505    0.7355   0.02535   0.06192   0.04761
   223/299     4.12G   0.01166   0.01562  0.004499   0.03178        21       640    0.7434    0.8444    0.8417    0.7268   0.02531   0.06139   0.04779
   224/299     4.12G   0.01168   0.01509  0.004567   0.03134        22       640    0.7346    0.8399    0.8509    0.7352   0.02529   0.06188   0.04782
   225/299     4.12G   0.01164   0.01539  0.004424   0.03145        12       640     0.716    0.8547    0.8443    0.7316   0.02535   0.06289   0.04762
   226/299     4.12G   0.01164   0.01557  0.004685    0.0319        21       640    0.7282    0.8531    0.8461    0.7303   0.02539   0.06459   0.04762
   227/299     4.12G   0.01154     0.016   0.00429   0.03183        44       640    0.7342    0.8461    0.8383    0.7255   0.02532   0.06378   0.04811
   228/299     4.12G   0.01166   0.01567  0.004615   0.03194        20       640    0.7153    0.8701    0.8473    0.7314   0.02532   0.06437   0.04769
   229/299     4.12G    0.0116   0.01498   0.00438   0.03096        22       640    0.7387    0.8375    0.8442    0.7306   0.02529   0.06566   0.04782
   230/299     4.12G   0.01166   0.01471  0.004438    0.0308        30       640       0.7    0.8861    0.8404    0.7277   0.02525   0.06477   0.04826
   231/299     4.12G   0.01158    0.0154  0.004324    0.0313        39       640    0.7331    0.8407    0.8482    0.7331   0.02526   0.06451   0.04825
   232/299     4.12G    0.0116   0.01526  0.004215   0.03108        17       640    0.7347    0.8396    0.8507    0.7367   0.02541   0.06639   0.04813
   233/299     4.12G   0.01159   0.01499  0.004302   0.03088        18       640    0.7221    0.8623    0.8476     0.733   0.02543   0.06609   0.04742
   234/299     4.12G   0.01151   0.01502  0.004281   0.03081        11       640    0.7458     0.843    0.8467    0.7327   0.02531   0.06588   0.04791
   235/299     4.12G    0.0114   0.01528  0.004209   0.03088        18       640    0.7153    0.8442    0.8482    0.7345   0.02533    0.0654   0.04835
   236/299     4.12G   0.01142   0.01485  0.004187   0.03045         9       640    0.7206    0.8597     0.844    0.7306   0.02529   0.06634   0.04856
   237/299     4.12G   0.01145   0.01472  0.004204   0.03038        12       640    0.7549    0.8223    0.8495    0.7348   0.02537   0.06695   0.04853
   238/299     4.12G   0.01135   0.01454  0.003939   0.02983        24       640    0.7143    0.8643    0.8384    0.7247   0.02541   0.06565   0.04882
   239/299     4.12G   0.01141   0.01482  0.004122   0.03036        25       640    0.7387    0.8471    0.8452    0.7335   0.02542    0.0657   0.04883
   240/299     4.12G   0.01141   0.01501  0.004038   0.03045        39       640    0.7165     0.867    0.8437    0.7288   0.02544   0.06762   0.04818
   241/299     4.12G   0.01149   0.01494  0.004152   0.03059        19       640    0.7163    0.8499    0.8448    0.7312   0.02539   0.06562   0.04803
   242/299     4.12G   0.01151   0.01453  0.004051   0.03009        18       640    0.7188    0.8618    0.8435    0.7335   0.02527   0.06543    0.0478
   243/299     4.12G   0.01147    0.0149  0.004233    0.0306        15       640    0.7089    0.8725    0.8479    0.7368   0.02523   0.06481   0.04748
   244/299     4.12G   0.01129   0.01449  0.004128    0.0299        34       640    0.7202    0.8625    0.8483    0.7356   0.02527   0.06693   0.04806
   245/299     4.12G   0.01127   0.01401  0.004004   0.02929        36       640    0.7299    0.8444    0.8494    0.7372   0.02523   0.06668   0.04851
   246/299     4.12G   0.01138   0.01436    0.0038   0.02953        64       640     0.738    0.8472    0.8513     0.739   0.02525   0.06738   0.04806
   247/299     4.12G   0.01132   0.01445  0.004058   0.02982        15       640    0.7203    0.8745    0.8518     0.738   0.02529   0.06725   0.04785
   248/299     4.12G   0.01129   0.01453  0.004113   0.02993        42       640    0.7367    0.8607    0.8433    0.7288   0.02521    0.0649   0.04774
   249/299     4.12G   0.01133    0.0144  0.003858   0.02958        12       640    0.7234    0.8568    0.8429     0.732   0.02521   0.06639   0.04834
   250/299     4.12G   0.01126   0.01461  0.004014   0.02988        30       640    0.7313    0.8583    0.8485     0.736   0.02526   0.06661   0.04821
   251/299     4.12G    0.0114    0.0146  0.004017   0.03002        35       640     0.738    0.8514    0.8475    0.7356   0.02533   0.06852   0.04762
   252/299     4.12G   0.01123   0.01417  0.004001   0.02939        16       640    0.7258    0.8619    0.8465    0.7359    0.0252   0.06751   0.04816
   253/299     4.12G   0.01118   0.01408  0.003921   0.02919        21       640    0.7349    0.8297     0.845    0.7355   0.02527   0.06895   0.04854
   254/299     4.12G   0.01131   0.01451  0.003684    0.0295        61       640     0.722     0.865    0.8439    0.7336    0.0253   0.06973   0.04807
   255/299     4.12G   0.01121   0.01378  0.003804   0.02879        12       640    0.7284    0.8639    0.8549    0.7428   0.02523    0.0692   0.04787
   256/299     4.12G   0.01115   0.01429  0.003762    0.0292        35       640    0.7228     0.862    0.8406    0.7306   0.02524   0.06837   0.04845
   257/299     4.12G   0.01118   0.01407  0.003739   0.02899        32       640    0.7362    0.8531     0.846    0.7343   0.02534   0.06838   0.04811
   258/299     4.12G   0.01123   0.01413  0.003912   0.02928        28       640    0.7273    0.8536    0.8439    0.7331   0.02527   0.06777   0.04843
   259/299     4.12G   0.01121   0.01417  0.003771   0.02915        31       640    0.7241    0.8773     0.846    0.7357   0.02515   0.06699   0.04845
   260/299     4.12G   0.01109   0.01391  0.003653   0.02866        21       640    0.7206    0.8754    0.8497     0.739   0.02524   0.06707   0.04887
   261/299     4.12G   0.01113   0.01385  0.003725   0.02871        24       640    0.7342    0.8674    0.8485    0.7402   0.02522   0.06957   0.04947
   262/299     4.12G   0.01112   0.01378  0.003545   0.02845        12       640    0.7249    0.8617    0.8484    0.7374   0.02532    0.0706   0.04914
   263/299     4.12G   0.01117   0.01426  0.003708   0.02914        28       640     0.722    0.8529    0.8487    0.7362   0.02526   0.06967   0.04882
   264/299     4.12G   0.01112   0.01405  0.003456   0.02862        20       640    0.7475    0.8345    0.8537     0.741   0.02528   0.06921   0.04825
   265/299     4.12G   0.01112   0.01411  0.003683   0.02891        17       640    0.7239    0.8633    0.8483    0.7387   0.02533   0.07032   0.04819
   266/299     4.12G   0.01118   0.01398  0.003646   0.02881        26       640    0.7613    0.8247    0.8478    0.7359    0.0254   0.07176   0.04817
   267/299     4.12G   0.01109   0.01348  0.003699   0.02827        17       640     0.709    0.8671    0.8461     0.735   0.02534   0.07182   0.04864
   268/299     4.12G   0.01117   0.01386  0.003642   0.02866        24       640    0.7189    0.8566    0.8462     0.735   0.02536   0.07214   0.04827
   269/299     4.12G   0.01107   0.01384   0.00361   0.02852        27       640    0.7329    0.8531    0.8476    0.7371   0.02535   0.07306   0.04867
   270/299     4.12G   0.01121   0.01414  0.003642   0.02899        26       640    0.7502    0.8337    0.8504    0.7379   0.02537   0.07183   0.04872
   271/299     4.12G     0.011   0.01378  0.003627    0.0284        23       640    0.7374    0.8287    0.8429    0.7317   0.02534     0.071   0.04879
   272/299     4.12G   0.01099   0.01385  0.003431   0.02828        20       640    0.7372    0.8505    0.8478    0.7364   0.02533   0.07167   0.04836
   273/299     4.12G   0.01108     0.014  0.003567   0.02864        13       640    0.7421    0.8518    0.8466    0.7369   0.02532   0.07231    0.0483
   274/299     4.12G   0.01104   0.01334  0.003652   0.02803        23       640    0.7469    0.8506    0.8545    0.7425   0.02529    0.0707   0.04819
   275/299     4.12G   0.01105   0.01372  0.003672   0.02845        23       640    0.7575    0.8415    0.8502    0.7394   0.02523   0.07095   0.04796
   276/299     4.12G   0.01091   0.01345  0.003513   0.02786        15       640    0.7427    0.8424    0.8481    0.7386   0.02521   0.07097   0.04809
   277/299     4.12G     0.011   0.01379   0.00344   0.02822        37       640     0.745    0.8417    0.8515    0.7408    0.0253   0.07158   0.04818
   278/299     4.12G   0.01094   0.01357  0.003489     0.028        32       640    0.7463    0.8395     0.847    0.7363    0.0253   0.07221   0.04858
   279/299     4.12G   0.01091   0.01361  0.003325   0.02785        38       640    0.7484    0.8451    0.8479    0.7381   0.02531   0.07316   0.04872
   280/299     4.12G   0.01091   0.01372  0.003199   0.02783        32       640    0.7428     0.856    0.8496     0.739   0.02531   0.07374   0.04864
   281/299     4.12G   0.01092   0.01339   0.00349   0.02779        15       640    0.7356    0.8533    0.8506    0.7381    0.0254   0.07336   0.04813
   282/299     4.12G     0.011   0.01357   0.00342   0.02799        27       640    0.7379    0.8385    0.8419    0.7335   0.02527   0.07109   0.04828
   283/299     4.12G   0.01101   0.01329  0.003436   0.02774        10       640    0.7297    0.8539    0.8475    0.7379    0.0253   0.07242   0.04807
   284/299     4.12G   0.01097   0.01327  0.003398   0.02764        30       640    0.7369    0.8427     0.847    0.7353   0.02528   0.07305    0.0481
   285/299     4.12G   0.01104   0.01302  0.003498   0.02756         8       640    0.7378    0.8253    0.8425    0.7323    0.0252   0.07085   0.04834
   286/299     4.12G   0.01101   0.01339  0.003444   0.02785        14       640    0.7472    0.8417    0.8457    0.7362   0.02516   0.07128   0.04826
   287/299     4.12G   0.01085   0.01377  0.003325   0.02795        46       640    0.7519    0.8436     0.848    0.7368   0.02517   0.07019   0.04873
   288/299     4.12G   0.01085   0.01341  0.003296   0.02756        29       640    0.7366    0.8517    0.8456    0.7345   0.02519   0.07058   0.04872
   289/299     4.12G   0.01097   0.01364  0.003397   0.02801        14       640    0.7355    0.8536     0.848    0.7377   0.02528   0.07237   0.04889
   290/299     4.12G   0.01106   0.01324  0.003392   0.02769        15       640    0.7532    0.8358     0.848    0.7365   0.02525     0.073    0.0483
   291/299     4.12G   0.01096   0.01298  0.003465   0.02741        13       640    0.7493    0.8377    0.8475    0.7373   0.02527   0.07216   0.04839
   292/299     4.12G   0.01086   0.01309  0.003359   0.02731        23       640     0.725    0.8702      0.85    0.7387   0.02532   0.07348   0.04848
   293/299     4.12G   0.01097   0.01341  0.003517    0.0279        44       640    0.7232    0.8675    0.8492    0.7369   0.02533   0.07252   0.04896
   294/299     4.12G     0.011   0.01427  0.003436   0.02871        29       640    0.7531    0.8401    0.8476    0.7384   0.02529   0.07233   0.04848
   295/299     4.12G   0.01101   0.01315  0.003377   0.02754        15       640    0.7534    0.8372    0.8446    0.7343   0.02525    0.0733   0.04815
   296/299     4.12G   0.01087   0.01288   0.00333   0.02708        18       640    0.7571     0.839    0.8467    0.7382    0.0253   0.07292   0.04845
   297/299     4.12G   0.01085   0.01341  0.003215   0.02747        30       640    0.7666    0.8346    0.8487    0.7404   0.02527   0.07328    0.0483
   298/299     4.12G   0.01091   0.01297  0.003335   0.02722        18       640     0.757    0.8346    0.8454    0.7364   0.02525   0.07337   0.04865
   299/299     4.12G   0.01089   0.01388  0.003443   0.02822        20       640     0.765    0.8323    0.8516    0.7418   0.02533   0.07358   0.04789
