     0/299     3.94G   0.05142    0.5119   0.08721    0.6505        24       640  0.009019   0.08835  0.002468 0.0004131    0.1022   0.09553    0.1153
     1/299     3.97G   0.06307   0.03644    0.1036    0.2031        29       640  0.004419   0.07444  0.001594 0.0002535    0.1032    0.1497   0.08774
     2/299     3.98G   0.06062   0.03317   0.07511    0.1689        35       640    0.2201    0.3708   0.01926  0.005509   0.08775   0.06361   0.06535
     3/299     3.98G   0.05859   0.03606   0.04673    0.1414        52       640    0.3009    0.2899   0.03616    0.0118    0.0769    0.1347   0.05038
     4/299     3.98G   0.05145   0.03024   0.03587    0.1176        13       640   0.01525    0.2318   0.01387  0.002328    0.1051    0.1881   0.05227
     5/299     3.98G   0.04089   0.02408   0.02728   0.09225         8       640    0.8919   0.09293   0.04461   0.01081    0.1122    0.2116   0.07615
     6/299     3.98G   0.03754   0.02186   0.02828   0.08767        28       640    0.4531    0.3524   0.08567   0.03596   0.08722    0.0894   0.04992
     7/299     3.98G   0.03898   0.02356   0.03166    0.0942        15       640    0.5273    0.2911   0.08058   0.04424    0.0789   0.09037   0.04855
     8/299     3.98G    0.0367   0.02323   0.03044   0.09036        25       640    0.5412    0.3053    0.1001    0.0616   0.07428   0.09293   0.04451
     9/299     3.98G    0.0272    0.0213   0.02411   0.07261        14       640    0.4839    0.3836    0.1041   0.06564   0.07843   0.07382   0.04644
    10/299     3.98G   0.02451   0.02214   0.02424   0.07089        24       640    0.3427    0.3861   0.08694   0.05227   0.07939    0.0677   0.04394
    11/299     3.98G   0.02458   0.02188   0.02392   0.07037        26       640    0.3432    0.4369   0.09029   0.04454   0.08177   0.06259   0.04172
    12/299     3.98G   0.02688    0.0216   0.02417   0.07265        22       640    0.4797    0.3546    0.1022    0.0582    0.0791   0.06064   0.04307
    13/299     3.98G   0.02688   0.02079    0.0236   0.07127        31       640    0.4386    0.4362    0.1245   0.06998   0.07961   0.05866    0.0416
    14/299     3.98G   0.02369   0.02108   0.02267   0.06744         7       640    0.4347    0.4032    0.1236   0.06568   0.07871   0.05863   0.04109
    15/299     3.98G   0.02447   0.02142   0.02301    0.0689        27       640    0.5913    0.4211    0.1355   0.08637   0.07836   0.05805   0.04279
    16/299     3.98G   0.02217    0.0229   0.02262   0.06769        18       640    0.2279    0.5312     0.127   0.08983   0.07204   0.05333   0.04249
    17/299     3.98G   0.02362   0.02181    0.0231   0.06853        19       640    0.4408    0.4767    0.1279   0.07372   0.07425   0.05263    0.0417
    18/299     3.98G   0.02166   0.02174    0.0229    0.0663        28       640    0.4944    0.4736    0.1363   0.08301   0.07294   0.05169   0.04035
    19/299     3.98G   0.01975    0.0225   0.02245   0.06471        13       640    0.4929    0.4847     0.138   0.09734   0.07012   0.04932   0.04004
    20/299     3.98G   0.01941   0.02059   0.02202   0.06203        30       640    0.4947    0.5001    0.1523    0.1004   0.07233   0.04816   0.04014
    21/299     3.98G   0.02111   0.02086   0.02275   0.06473        23       640    0.5031    0.4489    0.1469   0.09431   0.07173   0.04656   0.03997
    22/299     3.98G   0.01926   0.02145   0.02232   0.06303        22       640    0.5036    0.4454    0.1386   0.08633   0.07268   0.04764   0.03989
    23/299     3.98G   0.01952   0.02022   0.02232   0.06207        25       640    0.4879    0.4914    0.1451    0.1018   0.07026   0.04676   0.04005
    24/299     3.98G   0.01852   0.02089   0.02231   0.06172        21       640    0.5235    0.4122    0.1575    0.1137   0.06926   0.04626   0.04043
    25/299     3.98G   0.02032   0.02149   0.02245   0.06426        14       640    0.5376    0.4364    0.1746    0.1278   0.06853   0.04528   0.03983
    26/299     3.98G   0.01933   0.02073   0.02218   0.06225        32       640    0.5384    0.4129    0.1741    0.1208   0.07082   0.04631   0.03962
    27/299     3.98G   0.01968   0.02055   0.02218   0.06241        30       640    0.5143    0.4785    0.1862    0.1328   0.06853   0.04639   0.03979
    28/299     3.98G   0.01867   0.01947    0.0221   0.06023        38       640    0.5253    0.4281    0.1869    0.1421   0.06902   0.05133   0.03951
    29/299     3.98G   0.01649   0.02038   0.02122    0.0581        14       640    0.5231    0.4672    0.1992    0.1446   0.06976   0.04974   0.03849
    30/299     3.98G   0.01937   0.01999   0.02117   0.06054        27       640     0.529    0.4675    0.2065    0.1564   0.06843   0.04997   0.03817
    31/299     3.98G   0.01827   0.02001   0.02041   0.05869        17       640    0.5111    0.5082    0.2223    0.1598   0.07023   0.04847   0.03809
    32/299     3.98G   0.01855   0.02001   0.02008   0.05864         7       640    0.5353    0.4095    0.2066    0.1569   0.06937   0.05277   0.03966
    33/299     3.98G   0.01908    0.0192   0.01986   0.05813        22       640    0.5464    0.4633    0.2244    0.1666   0.06927   0.04994   0.03796
    34/299     3.98G   0.01839   0.01934   0.01922   0.05694        49       640    0.5328    0.4304    0.2114    0.1611   0.06847   0.04985   0.03865
    35/299     3.98G    0.0181   0.01896   0.01936   0.05642        18       640    0.5497    0.4231    0.2171    0.1498    0.0712   0.05004   0.03853
    36/299     3.98G   0.01867   0.01918     0.019   0.05685        17       640    0.5441    0.4682    0.2359     0.172   0.06955   0.04576   0.03877
    37/299     3.98G   0.01941   0.01879   0.01923   0.05743        24       640    0.5357    0.4153    0.2071    0.1513   0.06898   0.04899   0.03903
    38/299     3.98G   0.01812   0.01891   0.01896   0.05599        15       640    0.5578     0.404    0.2268    0.1788   0.06758   0.04632   0.03785
    39/299     3.98G   0.01652   0.01913   0.01837   0.05403        23       640    0.6359    0.3789    0.2432    0.1893   0.06818    0.0455   0.03803
    40/299     3.98G   0.01643   0.01893   0.01833   0.05369        37       640    0.5262    0.3955    0.2264     0.178   0.06749    0.0462   0.03776
    41/299     3.98G   0.01817   0.01818   0.01866   0.05501        22       640    0.6099    0.3917    0.2368    0.1852   0.06749   0.04461   0.03816
    42/299     3.98G   0.01943   0.01859   0.01856   0.05658        39       640    0.5366    0.3961    0.2395    0.1916   0.06696   0.04432   0.03783
    43/299     3.98G   0.01708     0.019   0.01815   0.05423        30       640    0.6288    0.3458    0.2293    0.1735   0.06841   0.04417   0.03749
    44/299     3.98G   0.01728   0.01855   0.01799   0.05382        18       640    0.4713     0.511    0.2312    0.1854   0.06771   0.04342   0.03714
    45/299     3.98G   0.01855   0.01919    0.0183   0.05604         9       640     0.474     0.504    0.2397    0.1825   0.06825   0.04333   0.03699
    46/299     3.98G    0.0191   0.01881   0.01839    0.0563        15       640    0.6117     0.369    0.2337    0.1825   0.06752   0.04131   0.03761
    47/299     3.98G    0.0164   0.01871   0.01764   0.05275         7       640    0.4785    0.5035    0.2441    0.1938   0.06732   0.04254   0.03672
    48/299     3.98G   0.01759   0.01928   0.01745   0.05432         7       640    0.5092    0.4435    0.2433    0.1977   0.06694   0.04231   0.03732
    49/299     3.98G   0.01588   0.01881   0.01717   0.05187        10       640    0.6341    0.3972    0.2593    0.1929   0.06881   0.04059   0.03696
    50/299     3.98G    0.0151   0.01905    0.0167   0.05086        29       640    0.6274    0.3698    0.2565    0.2099   0.06637   0.04074   0.03751
    51/299     3.98G   0.01652   0.01822   0.01742   0.05217        19       640    0.6241    0.3744    0.2561    0.2036   0.06722   0.03928   0.03721
    52/299     3.98G   0.01696   0.01925   0.01712   0.05333        17       640     0.493    0.4846    0.2594    0.2085   0.06679   0.03935   0.03747
    53/299     3.98G   0.01579   0.01852   0.01699    0.0513        26       640    0.6839    0.3501    0.2516    0.1938   0.06746   0.03579   0.03725
    54/299     3.98G   0.01708    0.0193   0.01671    0.0531        41       640    0.6341    0.3693    0.2702    0.2215   0.06658   0.03543   0.03687
    55/299     3.98G   0.01599   0.01976   0.01655    0.0523         9       640    0.6352    0.3752    0.2866    0.2292   0.06672   0.03415   0.03647
    56/299     3.98G   0.01616   0.01891   0.01646   0.05153        36       640    0.7092    0.3475    0.2853     0.224   0.06669   0.03291    0.0362
    57/299     3.98G   0.01706   0.01863   0.01653   0.05221        31       640    0.6449    0.3498    0.2931     0.236   0.06628   0.03307   0.03682
    58/299     3.98G   0.01787   0.01948   0.01676    0.0541        46       640     0.529    0.4342     0.274    0.2183   0.06653   0.03457   0.03816
    59/299     3.98G   0.01556   0.01949   0.01626   0.05131        42       640    0.7056    0.3737    0.3081    0.2493   0.06583   0.03106   0.03573
    60/299     3.98G   0.01566    0.0191     0.016   0.05076        16       640    0.7054    0.3635    0.3155    0.2501   0.06594   0.03259   0.03576
    61/299     3.98G   0.01547   0.01834   0.01633   0.05013        14       640    0.1571    0.7384    0.3228    0.2517    0.0662   0.03152   0.03532
    62/299     3.98G   0.01574   0.01972   0.01577   0.05123        16       640    0.1786    0.6506    0.3165    0.2537   0.06571   0.03164   0.03561
    63/299     3.98G   0.01693   0.01846   0.01598   0.05136        29       640    0.1843    0.6959     0.302    0.2416   0.06569   0.03539   0.03686
    64/299     3.98G   0.01601   0.01941   0.01582   0.05124        27       640    0.1592     0.743    0.3192    0.2544   0.06438   0.03064   0.03506
    65/299     3.98G   0.01742   0.01863   0.01591   0.05195        12       640    0.1764    0.7305     0.327    0.2598   0.06421   0.03227   0.03519
    66/299     3.98G   0.01643   0.01922   0.01534   0.05099        31       640    0.1763    0.6985    0.3136    0.2508    0.0642   0.03323    0.0362
    67/299     3.98G   0.01729   0.01971   0.01547   0.05246         8       640    0.1759    0.7148    0.3261    0.2646   0.06409     0.032   0.03521
    68/299     3.98G   0.01818   0.01877    0.0156   0.05255        35       640    0.2149    0.6443    0.3222    0.2604   0.06336   0.03181   0.03606
    69/299     3.98G   0.01656   0.02002   0.01558   0.05215        28       640    0.2078     0.709    0.3417    0.2783     0.063   0.03021   0.03559
    70/299     3.98G   0.01742   0.01898   0.01561   0.05202        18       640    0.4468    0.4923    0.3157     0.251   0.06351    0.0287   0.03492
    71/299     3.98G   0.01637   0.01964   0.01548   0.05149        15       640    0.1867    0.7326    0.3241    0.2584   0.06341    0.0295   0.03511
    72/299     3.98G   0.01625   0.01953   0.01546   0.05124        17       640     0.439     0.525    0.3222    0.2645   0.06286   0.03073   0.03543
    73/299     3.98G   0.01801   0.01961   0.01506   0.05267        27       640    0.5246    0.4546    0.3419    0.2814   0.06234    0.0316   0.03516
    74/299     3.98G   0.01569   0.01982   0.01475   0.05026        63       640    0.4465    0.6036    0.3083    0.2499   0.06206   0.02791   0.03551
    75/299     3.98G     0.017   0.01956   0.01504    0.0516        27       640    0.4548    0.5951    0.3393    0.2782   0.06135   0.03074   0.03453
    76/299     3.98G   0.01609   0.01999   0.01496   0.05104        12       640    0.4436    0.5167     0.346    0.2823    0.0614   0.03089   0.03487
    77/299     3.98G   0.01706   0.02082   0.01493   0.05281        11       640    0.1873    0.7775    0.3533    0.2905   0.06068    0.0302    0.0344
    78/299     3.98G   0.01707   0.02019   0.01481   0.05207        13       640    0.4572    0.5358    0.3412    0.2815   0.06051   0.02965   0.03428
    79/299     3.98G   0.01655   0.02007   0.01474   0.05137         8       640    0.1881    0.7983    0.3685    0.3064   0.06052   0.03021   0.03433
    80/299     3.98G   0.01503   0.01975   0.01426   0.04904        25       640    0.1882    0.7591    0.3685    0.2997   0.06086   0.02959   0.03429
    81/299     3.98G    0.0161   0.02071   0.01446   0.05127        19       640    0.1987    0.7595    0.3705    0.3047   0.06024   0.03026   0.03482
    82/299     3.98G   0.01589    0.0199   0.01423   0.05002        36       640     0.541    0.4818    0.3587    0.2942   0.06053   0.02902   0.03372
    83/299     3.98G   0.01597   0.01996   0.01404   0.04998        19       640    0.5479    0.4534    0.3436    0.2834   0.06029   0.03158   0.03549
    84/299     3.98G   0.01401   0.02005   0.01396   0.04802        13       640    0.5051    0.5343     0.387     0.315   0.06092   0.02871   0.03436
    85/299     3.98G   0.01834   0.02075   0.01438   0.05347        45       640    0.2025    0.7838     0.385    0.3156   0.06043   0.02967   0.03423
    86/299     3.98G   0.01628   0.02061   0.01399   0.05088        27       640    0.5446    0.5031    0.3622    0.3002    0.0602   0.02853   0.03354
    87/299     3.98G   0.01649   0.02153   0.01396   0.05198        36       640    0.2282    0.7949    0.3935    0.3251   0.06063    0.0298   0.03426
    88/299     3.98G   0.01577   0.02092   0.01383   0.05052        26       640    0.4787    0.5923     0.389    0.3214   0.06048   0.02802   0.03362
    89/299     3.98G   0.01725   0.01978   0.01405   0.05108        15       640    0.2081    0.7717    0.3861    0.3187   0.06021   0.02877   0.03378
    90/299     3.98G   0.01553    0.0201   0.01391   0.04954        37       640    0.2206    0.8224    0.4069    0.3366   0.06028   0.02855   0.03341
    91/299     3.98G   0.01505   0.02017   0.01318    0.0484        22       640    0.5137    0.5109    0.3926    0.3279   0.06024   0.02961   0.03352
    92/299     3.98G   0.01745   0.02066   0.01342   0.05153        18       640    0.5108    0.5378     0.399    0.3347   0.05994   0.02941   0.03298
    93/299     3.98G   0.01487   0.02052   0.01323   0.04861         8       640     0.586     0.504    0.4097    0.3414   0.05995   0.02708   0.03293
    94/299     3.98G   0.01651   0.01984   0.01306   0.04941        25       640     0.608    0.4379    0.4009    0.3335   0.06023   0.02731   0.03246
    95/299     3.98G    0.0157   0.01975   0.01286   0.04831        14       640     0.594    0.4556    0.4155    0.3422   0.06002   0.02715   0.03279
    96/299     3.98G    0.0142   0.02051   0.01293   0.04765        23       640    0.5923    0.4668    0.4245      0.35   0.06017   0.02733   0.03362
    97/299     3.98G   0.01353    0.0197   0.01241   0.04564        14       640    0.6037    0.4839    0.4326    0.3624   0.05999   0.02732   0.03265
    98/299     3.98G   0.01599   0.02013   0.01271   0.04883        20       640    0.5988    0.4781    0.4295    0.3549    0.0603   0.02675   0.03339
    99/299     3.98G   0.01488   0.02039   0.01228   0.04755        27       640     0.538    0.5727    0.4369    0.3638   0.05983   0.02795   0.03339
   100/299     3.98G   0.01584   0.02051   0.01256    0.0489        12       640    0.5957    0.5083    0.4323    0.3599   0.05977   0.02742   0.03315
   101/299     3.98G   0.01391   0.02104   0.01196    0.0469        36       640    0.6237    0.4504     0.427    0.3588   0.05958   0.02699   0.03318
   102/299     3.98G   0.01609   0.02089   0.01246   0.04944        16       640    0.6146    0.4871    0.4426    0.3716    0.0598   0.02588   0.03342
   103/299     3.98G   0.01307   0.01971   0.01166   0.04445        15       640    0.6136    0.5024    0.4678    0.3907   0.05965   0.02677   0.03396
   104/299     3.98G   0.01708   0.02059   0.01228   0.04995        19       640    0.6465     0.482    0.4812    0.4003   0.05997   0.02755   0.03379
   105/299     3.98G   0.01603   0.02041   0.01216    0.0486        18       640    0.6395    0.4562    0.4859    0.4019   0.06002   0.02647    0.0334
   106/299     3.98G   0.01465   0.02002   0.01155   0.04623        45       640    0.6431    0.4862    0.4908    0.4113   0.05966   0.02829   0.03444
   107/299     3.98G   0.01588   0.02035   0.01231   0.04853        24       640    0.6375    0.5391    0.4787    0.3976   0.05986   0.02735   0.03439
   108/299     3.98G   0.01484   0.02038    0.0117   0.04693        39       640    0.6421    0.5148    0.4907    0.4111   0.05959   0.02713   0.03436
   109/299     3.98G   0.01378   0.02027   0.01117   0.04523        12       640    0.5687    0.6053    0.4917    0.4103   0.05956   0.02666   0.03398
   110/299     3.98G   0.01357   0.01986   0.01113   0.04455         8       640    0.4393     0.718    0.5015    0.4176   0.05947   0.02695   0.03387
   111/299     3.98G   0.01414   0.01978   0.01109   0.04502        11       640    0.4748    0.7113    0.5341     0.443   0.05968   0.02887   0.03464
   112/299     3.98G   0.01501   0.02003   0.01087   0.04592        36       640    0.5241    0.6544    0.5265    0.4335   0.05982   0.02732   0.03385
   113/299     3.98G   0.01541   0.02011   0.01069   0.04621        40       640    0.5364    0.6407    0.5254    0.4278      0.06   0.02769   0.03375
   114/299     3.98G   0.01362   0.01963   0.01085    0.0441        17       640     0.579    0.6033    0.5323    0.4413   0.05963   0.02661   0.03405
   115/299     3.98G   0.01374   0.02014   0.01048   0.04436        32       640    0.5996    0.5687    0.5212    0.4327    0.0596   0.02739   0.03405
   116/299     3.98G   0.01496   0.01994   0.01053   0.04543        41       640     0.594    0.5716    0.5364    0.4445   0.05958   0.02852   0.03478
   117/299     3.98G   0.01436   0.01999   0.01022   0.04458        32       640    0.6059    0.6236    0.5442    0.4523   0.05969   0.02746   0.03509
   118/299     3.98G   0.01448   0.01949    0.0101   0.04407        24       640    0.6069    0.6023      0.54    0.4508   0.05938   0.02743   0.03541
   119/299     3.98G    0.0145   0.01905   0.01056   0.04411        26       640    0.6584    0.6108    0.5798    0.4831   0.05949   0.02686    0.0357
   120/299     3.98G   0.01376   0.01893  0.009826   0.04252        28       640    0.5474    0.6802    0.5703    0.4752   0.05945    0.0281   0.03625
   121/299     3.98G    0.0152   0.02009   0.01018   0.04547        20       640    0.5257    0.6845     0.585    0.4896   0.05946    0.0283   0.03536
   122/299     3.98G   0.01342   0.01929   0.01009    0.0428        16       640    0.6037    0.6462      0.61    0.5112   0.05924   0.02801   0.03473
   123/299     3.98G   0.01376   0.02045  0.009859   0.04407        37       640    0.6118    0.6604     0.603     0.504   0.05954   0.02826   0.03447
   124/299     3.98G   0.01358   0.01941  0.009619   0.04261        29       640    0.7192    0.5997    0.6166     0.516   0.05926   0.02845   0.03536
   125/299     3.98G   0.01496   0.01945   0.00974   0.04415        27       640    0.4842    0.7955     0.609    0.5089   0.05956   0.02767   0.03459
   126/299     3.98G   0.01555   0.01952   0.01021   0.04528        21       640    0.6142    0.6403    0.6252    0.5272   0.05937   0.02897   0.03429
   127/299     3.98G   0.01344   0.01895  0.009669   0.04205        64       640    0.5099    0.8029    0.6312    0.5361   0.05916    0.0293   0.03449
   128/299     3.98G   0.01599   0.01879   0.01023   0.04501        21       640    0.5556     0.776    0.6351    0.5305   0.05942   0.02901   0.03433
   129/299     3.98G   0.01436   0.01974   0.00958   0.04367        28       640    0.5398    0.7811    0.6476    0.5478   0.05926   0.03093   0.03468
   130/299     3.98G   0.01291   0.01971  0.009167   0.04179        48       640    0.5588    0.7194    0.6163    0.5213   0.05912   0.02709   0.03461
   131/299     3.98G   0.01547   0.01909   0.00955   0.04411        13       640    0.5474    0.7912    0.6388     0.543    0.0592   0.02909    0.0342
   132/299     3.98G   0.01362   0.01909  0.009266   0.04198        24       640    0.5772    0.7625    0.6401    0.5384   0.05932   0.02817    0.0344
   133/299     3.98G   0.01351   0.01965  0.009241    0.0424        47       640    0.5198    0.8175    0.6532    0.5525    0.0592   0.03012   0.03534
   134/299     3.98G   0.01459   0.01903  0.009358   0.04298        14       640    0.4676    0.7922    0.6396    0.5424   0.05921   0.03009   0.03482
   135/299     3.98G   0.01496   0.01959   0.00931   0.04386        12       640    0.4936    0.7744    0.6481    0.5493   0.05908   0.02965   0.03565
   136/299     3.98G   0.01424    0.0184  0.009209   0.04185        12       640    0.5461    0.7815    0.6509     0.553   0.05916   0.03006   0.03544
   137/299     3.98G   0.01422    0.0196  0.009185     0.043         8       640     0.488    0.8283    0.6699    0.5707   0.05914   0.02999   0.03505
   138/299     3.98G   0.01257   0.01821   0.00867   0.03945        13       640    0.5005    0.7739    0.6646    0.5612   0.05913   0.02874   0.03475
   139/299     3.98G   0.01326    0.0182  0.008807   0.04026        29       640    0.5466    0.7938    0.6564    0.5566    0.0591   0.03003   0.03487
   140/299     3.98G   0.01322   0.01874  0.008563   0.04052        24       640    0.5089     0.816    0.6587    0.5575    0.0592   0.03061   0.03587
   141/299     3.98G   0.01234   0.01802  0.008751    0.0391        20       640    0.4841    0.8721    0.6641    0.5693   0.05899    0.0284   0.03525
   142/299     3.98G   0.01397   0.01857  0.008909   0.04145        28       640     0.532     0.818    0.6617    0.5609   0.05909   0.03004   0.03601
   143/299     3.98G   0.01412   0.01852  0.008669   0.04131        39       640    0.4904    0.8589    0.6858    0.5829   0.05908   0.02945   0.03516
   144/299     3.98G   0.01333   0.01895   0.00859   0.04088        16       640    0.5199     0.817    0.6718    0.5705    0.0591   0.02966   0.03608
   145/299     3.98G   0.01277   0.01865  0.008308   0.03973        35       640    0.5109    0.8589    0.6905     0.588   0.05898   0.02991   0.03473
   146/299     3.98G    0.0137   0.01872  0.008515   0.04093        14       640    0.5312    0.8153    0.6858    0.5872     0.059   0.03133   0.03564
   147/299     3.98G   0.01347   0.01827  0.008464   0.04021        37       640    0.5415    0.8118    0.6955    0.5938   0.05909      0.03   0.03568
   148/299     3.98G   0.01468   0.01834  0.008339   0.04136        10       640    0.5152    0.8459    0.6869    0.5856   0.05889   0.03064   0.03531
   149/299     3.98G   0.01225   0.01816  0.008224   0.03863        38       640    0.5462    0.7948     0.704     0.599   0.05903   0.02945   0.03552
   150/299     3.98G   0.01378   0.01862  0.008441   0.04084        21       640    0.5237    0.8373    0.6979    0.5994    0.0589   0.03052   0.03519
   151/299     3.98G   0.01241   0.01882  0.008111   0.03934        28       640     0.536    0.8272    0.6953    0.5952   0.05892   0.03013   0.03486
   152/299     3.98G   0.01395   0.01777  0.008495   0.04022         9       640    0.5304    0.8669    0.7034    0.6007   0.05901   0.03043   0.03593
   153/299     3.98G   0.01327   0.01767  0.008506   0.03945        40       640    0.5159    0.8544    0.6909    0.5897   0.05885   0.03014   0.03472
   154/299     3.98G   0.01142   0.01817  0.008046   0.03764        20       640    0.5755    0.8157     0.715    0.6118   0.05885   0.02997   0.03508
   155/299     3.98G   0.01225   0.01816  0.008087    0.0385        16       640    0.5435    0.8658    0.7266    0.6199   0.05885    0.0298   0.03546
   156/299     3.98G    0.0125   0.01779  0.007952   0.03824        21       640    0.5466    0.8192    0.7223    0.6163   0.05891   0.03099   0.03494
   157/299     3.98G   0.01305   0.01783  0.007968   0.03885        10       640    0.5423     0.855    0.7154    0.6108   0.05892   0.03079   0.03457
   158/299     3.98G   0.01296   0.01794  0.007961   0.03887        24       640    0.5724    0.8124    0.7246    0.6195   0.05888   0.03031    0.0361
   159/299     3.98G   0.01458   0.01801  0.008465   0.04105        22       640    0.5407    0.8524    0.7305    0.6268   0.05882   0.03047   0.03485
   160/299     3.98G   0.01166   0.01759  0.007686   0.03693        18       640    0.5693    0.8142    0.7219    0.6186    0.0588   0.03087   0.03474
   161/299     3.98G   0.01256   0.01751  0.007767   0.03783        37       640    0.5107     0.859     0.724    0.6184   0.05891     0.033   0.03538
   162/299     3.98G   0.01396   0.01762  0.007962   0.03954        23       640    0.5427    0.8379    0.7411    0.6304   0.05884   0.03149   0.03596
   163/299     3.98G   0.01322   0.01772  0.007508   0.03846        17       640    0.5482     0.873    0.7461    0.6373    0.0588   0.03117   0.03636
   164/299     3.98G   0.01291   0.01761  0.007879   0.03839        40       640    0.5408    0.8774    0.7449    0.6365   0.05883   0.03304   0.03537
   165/299     3.98G   0.01431   0.01762  0.007918   0.03985        41       640    0.7635     0.658    0.7343    0.6299   0.05877   0.03182    0.0351
   166/299     3.98G   0.01233   0.01737  0.007575   0.03728         9       640    0.5669    0.8235    0.7389    0.6307   0.05896   0.03199   0.03565
   167/299     3.98G   0.01325   0.01715  0.007641   0.03804        11       640    0.7606    0.6828    0.7455    0.6357   0.05873    0.0318   0.03499
   168/299     3.98G   0.01233   0.01746  0.007567   0.03736        17       640    0.5478    0.8464    0.7296    0.6219   0.05877   0.03217   0.03483
   169/299     3.98G   0.01394   0.01822  0.007818   0.03998        15       640    0.5463    0.8553    0.7165    0.6142   0.05871   0.03222    0.0356
   170/299     3.98G   0.01391   0.01677  0.007765   0.03844        30       640    0.5549    0.8475    0.7315    0.6265   0.05877   0.03152    0.0355
   171/299     3.98G   0.01427   0.01727  0.007922   0.03946        49       640    0.5574    0.8657    0.7525    0.6449   0.05865   0.03213   0.03525
   172/299     3.98G   0.01456   0.01725  0.007954   0.03977        55       640    0.5595    0.8906    0.7594    0.6479    0.0588   0.03226   0.03432
   173/299     3.98G   0.01255   0.01733  0.007351   0.03723        18       640    0.7508    0.7327    0.7566    0.6493   0.05868   0.03204   0.03477
   174/299     3.98G   0.01377   0.01751    0.0077   0.03898        24       640    0.5688     0.834    0.7495    0.6406   0.05872   0.03297   0.03477
   175/299     3.98G   0.01372   0.01707  0.007311   0.03809        39       640    0.7695    0.6684    0.7513    0.6423   0.05874   0.03244   0.03394
   176/299     3.98G   0.01211   0.01766  0.007446   0.03721        35       640    0.5447    0.8725    0.7544    0.6436   0.05872   0.03197   0.03448
   177/299     3.98G   0.01283   0.01675  0.007279   0.03686        24       640    0.5718    0.8609    0.7602     0.655   0.05872   0.03276   0.03484
   178/299     3.98G   0.01111   0.01674  0.007078   0.03492        19       640    0.5727    0.8657    0.7539    0.6462   0.05868   0.03311   0.03501
   179/299     3.98G    0.0127   0.01666  0.007222   0.03658        52       640    0.5744    0.8595    0.7632    0.6557   0.05867     0.033   0.03539
   180/299     3.98G   0.01275   0.01745  0.007616   0.03782        30       640    0.5695    0.8529    0.7573    0.6495   0.05884    0.0327   0.03451
   181/299     3.98G   0.01192   0.01723  0.007294   0.03644         5       640    0.5586    0.8703     0.764    0.6567    0.0587   0.03257   0.03481
   182/299     3.98G   0.01324   0.01674  0.007308   0.03729        13       640     0.665    0.8092    0.7757    0.6652    0.0587   0.03321   0.03511
   183/299     3.98G   0.01414   0.01672  0.007566   0.03843        23       640    0.5743    0.8712    0.7656    0.6583   0.05867   0.03337   0.03437
   184/299     3.98G    0.0159   0.01666  0.007816   0.04037        50       640    0.6992    0.7792    0.7718    0.6625   0.05869    0.0333   0.03479
   185/299     3.98G   0.01223   0.01734  0.006778   0.03635        32       640    0.7329    0.7663    0.7759    0.6673   0.05865   0.03361   0.03349
   186/299     3.98G   0.01144   0.01735  0.006754   0.03555        12       640    0.6357    0.8058    0.7746    0.6661   0.05863   0.03334   0.03346
   187/299     3.98G   0.01308    0.0165  0.007171   0.03676         8       640    0.6553    0.7885    0.7863    0.6754   0.05861   0.03277   0.03448
   188/299     3.98G  0.009903   0.01646  0.006408   0.03277        22       640    0.5691     0.886    0.7745    0.6656   0.05863   0.03379   0.03384
   189/299     3.98G   0.01239    0.0167  0.006933   0.03602        21       640    0.6123     0.869    0.7824    0.6736   0.05862   0.03259   0.03452
   190/299     3.98G   0.01316   0.01668  0.006864   0.03671        36       640    0.7622     0.741    0.7851    0.6738   0.05863    0.0342     0.034
   191/299     3.98G   0.01468   0.01726   0.00729   0.03923        14       640    0.7524    0.7705    0.7851    0.6751   0.05858   0.03269   0.03313
   192/299     3.98G   0.01158   0.01664  0.006524   0.03474        40       640    0.6353    0.8217    0.7839    0.6762   0.05855   0.03406   0.03455
   193/299     3.98G   0.01271   0.01659  0.006664   0.03596        10       640    0.7231    0.7588     0.776    0.6671    0.0586   0.03326    0.0349
   194/299     3.98G   0.01273   0.01704  0.006502   0.03627         6       640     0.713    0.7826      0.78    0.6711   0.05855   0.03362   0.03434
   195/299     3.98G   0.01163   0.01645  0.006409   0.03449        39       640    0.6041    0.8853    0.7857    0.6761   0.05858    0.0335   0.03446
   196/299     3.98G   0.01103   0.01679  0.006536   0.03436        12       640    0.7504    0.7494    0.7851    0.6766   0.05856   0.03429   0.03411
   197/299     3.98G   0.01246   0.01617   0.00661   0.03524        29       640    0.7202    0.7498    0.7763    0.6687   0.05855   0.03387   0.03469
   198/299     3.98G   0.01301   0.01596  0.006666   0.03564        33       640    0.6119    0.8681    0.7871    0.6786   0.05856   0.03458   0.03495
   199/299     3.98G   0.01108   0.01618  0.006284   0.03354         6       640    0.6819    0.7879    0.7835    0.6719   0.05854   0.03491   0.03453
   200/299     3.98G   0.01358   0.01603  0.007029   0.03664        24       640    0.6143    0.8648    0.7879    0.6778   0.05856   0.03416   0.03395
   201/299     3.98G   0.01266   0.01609   0.00651   0.03525        55       640    0.7216    0.7746    0.7875    0.6799   0.05854   0.03469   0.03444
   202/299     3.98G   0.01212   0.01634  0.006546     0.035        25       640    0.6185    0.8759    0.8015    0.6907   0.05849   0.03522   0.03359
   203/299     3.98G   0.01228   0.01579  0.006577   0.03465        17       640     0.677    0.7793    0.7971    0.6868   0.05849   0.03423   0.03493
   204/299     3.98G    0.0122   0.01618  0.006427   0.03481        26       640    0.7415    0.7844    0.7941     0.682   0.05853   0.03539   0.03387
   205/299     3.98G   0.01129    0.0161  0.006034   0.03343        50       640    0.6693    0.7801     0.789    0.6781   0.05851   0.03504   0.03398
   206/299     3.98G    0.0124   0.01592  0.006375   0.03469        16       640    0.7786    0.7221    0.7852     0.677   0.05851    0.0345   0.03355
   207/299     3.98G   0.01201   0.01657   0.00638   0.03496        29       640    0.7565    0.7513    0.7833    0.6751   0.05851    0.0348   0.03343
   208/299     3.98G   0.01382   0.01567   0.00695   0.03645        24       640    0.6599    0.7934    0.7808    0.6697   0.05849   0.03534   0.03392
   209/299     3.98G   0.01242   0.01543  0.006337   0.03419        24       640    0.6389     0.855    0.7944    0.6841   0.05848    0.0349   0.03438
   210/299     3.98G   0.01112   0.01616  0.005748   0.03303        35       640    0.6727    0.8196     0.797    0.6869    0.0585   0.03632   0.03378
   211/299     3.98G   0.01104   0.01588  0.006238   0.03316        10       640    0.6563    0.8564    0.7961     0.686   0.05847   0.03536   0.03328
   212/299     3.98G   0.01253   0.01596  0.006086   0.03457        37       640    0.6675    0.8042    0.7955    0.6866   0.05847   0.03645   0.03381
   213/299     3.98G   0.01375   0.01634  0.006415    0.0365        23       640    0.7669    0.7601    0.7995    0.6897   0.05848   0.03458   0.03427
   214/299     3.98G     0.011    0.0154  0.005816   0.03222        10       640    0.6655    0.8449    0.7955    0.6867   0.05845   0.03471   0.03501
   215/299     3.98G   0.01124   0.01557  0.005794    0.0326        23       640    0.6407    0.8477    0.7917    0.6811   0.05854   0.03608   0.03477
   216/299     3.98G    0.0133   0.01582  0.006147   0.03527        26       640    0.6676    0.8515    0.7942    0.6847   0.05847    0.0372   0.03465
   217/299     3.98G   0.01343   0.01477  0.006308   0.03451        10       640    0.6672    0.8435    0.7966    0.6862   0.05851     0.036   0.03472
   218/299     3.98G   0.01344   0.01541  0.006241   0.03509        38       640    0.6568    0.8534     0.798    0.6874   0.05847   0.03664   0.03517
   219/299     3.98G   0.01238    0.0158  0.006034   0.03421        10       640    0.6486    0.8658    0.8058    0.6955   0.05846   0.03578   0.03492
   220/299     3.98G   0.01174   0.01602  0.005849   0.03361        10       640    0.6459    0.8737     0.803    0.6937   0.05844   0.03639    0.0352
   221/299     3.98G    0.0122   0.01543  0.005917   0.03355        38       640    0.6802    0.8725    0.8072    0.6977   0.05843   0.03689   0.03487
   222/299     3.98G   0.01137   0.01544  0.005672   0.03248        44       640     0.666    0.8587    0.8091    0.6982   0.05845   0.03724   0.03503
   223/299     3.98G   0.01103   0.01558  0.005503   0.03211        21       640    0.6604    0.8606    0.7998    0.6914   0.05844   0.03548   0.03542
   224/299     3.98G   0.01126   0.01493  0.005594   0.03179        22       640    0.6488    0.8828    0.7995    0.6906   0.05845   0.03618   0.03505
   225/299     3.98G   0.01028   0.01542  0.005298     0.031        12       640    0.6688    0.8609    0.7995    0.6895    0.0585   0.03709    0.0353
   226/299     3.98G   0.01133   0.01564  0.005852   0.03282        21       640    0.6904    0.8335    0.8106    0.6995   0.05846   0.03791   0.03482
   227/299     3.98G   0.01157   0.01599  0.005683   0.03324        44       640    0.6747    0.8453    0.8034    0.6941   0.05844    0.0372   0.03474
   228/299     3.98G   0.01398    0.0156  0.006142   0.03572        20       640    0.6696    0.8604    0.8043    0.6935   0.05845   0.03638   0.03467
   229/299     3.98G   0.01089   0.01524  0.005577    0.0317        22       640    0.6886    0.8225    0.8008    0.6893   0.05842   0.03642    0.0347
   230/299     3.98G   0.01082   0.01471  0.005453   0.03098        30       640     0.683    0.8346    0.8024    0.6926   0.05843   0.03741   0.03461
   231/299     3.98G   0.01239   0.01551   0.00574   0.03363        39       640    0.6904    0.8443    0.8118    0.6995   0.05843   0.03768   0.03462
   232/299     3.98G   0.01251   0.01542  0.005723   0.03365        17       640    0.6837    0.8504     0.802    0.6926   0.05842   0.03648   0.03463
   233/299     3.98G   0.01237   0.01527   0.00573   0.03336        18       640    0.6701    0.8754    0.8099       0.7   0.05843   0.03806   0.03487
   234/299     3.98G   0.01274   0.01515  0.005753   0.03365        11       640    0.6928    0.8353    0.8022    0.6913   0.05843   0.03807   0.03469
   235/299     3.98G   0.01124   0.01542  0.005379   0.03204        18       640    0.6975    0.8283    0.8028    0.6938   0.05841    0.0367   0.03459
   236/299     3.98G   0.01336   0.01515  0.005603   0.03412         9       640    0.6999    0.8399     0.815    0.7063   0.05839   0.03812   0.03461
   237/299     3.98G   0.01244   0.01474  0.005805   0.03298        12       640    0.6878    0.8668    0.8145    0.7042    0.0584   0.03712   0.03456
   238/299     3.98G   0.01245   0.01465  0.005533   0.03263        24       640    0.6908    0.8544    0.8095    0.7001   0.05841   0.03807   0.03503
   239/299     3.98G   0.01326    0.0148  0.005511   0.03357        25       640    0.6824    0.8639    0.8073    0.6987   0.05843   0.03835   0.03499
   240/299     3.98G   0.01176   0.01518  0.005206   0.03214        39       640    0.6815    0.8599    0.8145    0.7038   0.05841   0.03873   0.03521
   241/299     3.98G   0.01136   0.01504  0.005291   0.03169        19       640    0.6983    0.8626    0.8167    0.7049   0.05842    0.0384   0.03442
   242/299     3.98G   0.01229   0.01467  0.005477   0.03244        18       640    0.7027    0.8439    0.8149    0.7025   0.05841   0.03847   0.03489
   243/299     3.98G   0.01302   0.01507  0.005708    0.0338        15       640    0.7129     0.828    0.8152    0.7041   0.05839   0.03799   0.03454
   244/299     3.98G   0.01378   0.01478  0.005789   0.03435        34       640    0.7006    0.8485    0.8147    0.7044    0.0584   0.03919   0.03476
   245/299     3.98G   0.01148   0.01413  0.005077   0.03068        36       640    0.7035    0.8262    0.8092    0.6978   0.05844   0.03934   0.03508
   246/299     3.98G   0.01353   0.01454  0.005592   0.03367        64       640    0.7081    0.8357    0.8151    0.7052   0.05837    0.0395   0.03511
   247/299     3.98G   0.01195   0.01463  0.005167   0.03175        15       640    0.7045    0.8489    0.8153    0.7027   0.05843   0.03934   0.03447
   248/299     3.98G     0.011   0.01472  0.005115   0.03083        42       640    0.7151    0.8295    0.8136    0.7027   0.05837   0.03782   0.03463
   249/299     3.98G   0.01092   0.01469   0.00512   0.03073        12       640    0.6905    0.8585    0.8173     0.705   0.05839   0.03859   0.03454
   250/299     3.98G    0.0112   0.01476  0.004917   0.03088        30       640    0.6912     0.869    0.8265    0.7158   0.05838   0.03962   0.03496
   251/299     3.98G   0.01099   0.01485  0.005111   0.03095        35       640    0.6915    0.8605    0.8209     0.709   0.05838   0.03947   0.03477
   252/299     3.98G    0.0111   0.01431  0.005181   0.03059        16       640     0.707    0.8299    0.8177    0.7081   0.05838   0.03939   0.03472
   253/299     3.98G   0.01144   0.01434  0.005248   0.03103        21       640    0.7196    0.8303    0.8234    0.7121   0.05836   0.03974   0.03487
   254/299     3.98G   0.01342   0.01489  0.005228   0.03355        61       640    0.7158    0.8414    0.8209    0.7094   0.05837   0.03852    0.0355
   255/299     3.98G    0.0111     0.014  0.005049   0.03016        12       640    0.7136    0.8405    0.8227    0.7092   0.05839   0.04063   0.03524
   256/299     3.98G   0.01229   0.01457  0.004958   0.03181        35       640    0.7104     0.848    0.8253    0.7129   0.05835   0.03946   0.03522
   257/299     3.98G    0.0137   0.01421  0.005201    0.0331        32       640    0.6994    0.8582    0.8223    0.7086   0.05838   0.03974   0.03523
   258/299     3.98G   0.01201   0.01417  0.005118    0.0313        28       640    0.7003    0.8628    0.8213    0.7101   0.05838   0.03845   0.03494
   259/299     3.98G    0.0112   0.01424  0.004986   0.03042        31       640    0.7027    0.8594    0.8229    0.7122   0.05837   0.03914   0.03475
   260/299     3.98G    0.0103   0.01427   0.00473    0.0293        21       640    0.7396    0.8251    0.8301    0.7181   0.05836   0.03984   0.03489
   261/299     3.98G   0.01155   0.01415  0.004816   0.03052        24       640    0.7085    0.8571    0.8314    0.7183   0.05836      0.04    0.0351
   262/299     3.98G   0.01055   0.01415  0.004708   0.02941        12       640    0.7226    0.8327    0.8285    0.7171   0.05836   0.04088    0.0352
   263/299     3.98G   0.01363   0.01451  0.005275   0.03341        28       640    0.7168    0.8548    0.8258    0.7136    0.0584    0.0403   0.03552
   264/299     3.98G   0.01136   0.01444  0.004802    0.0306        20       640    0.7151    0.8345    0.8259    0.7144   0.05838   0.03985   0.03511
   265/299     3.98G   0.01133   0.01445   0.00472    0.0305        17       640    0.7169    0.8393    0.8272    0.7168    0.0584   0.04048   0.03523
   266/299     3.98G   0.01294   0.01444  0.004898   0.03227        26       640    0.7129    0.8494    0.8272    0.7153   0.05837   0.04065   0.03521
   267/299     3.98G    0.0135   0.01373   0.00514   0.03237        17       640    0.7198    0.8578     0.823    0.7125   0.05836   0.04073    0.0348
   268/299     3.98G    0.0112   0.01395  0.004895   0.03005        24       640    0.7205    0.8543    0.8284    0.7149   0.05838    0.0403   0.03463
   269/299     3.98G   0.01413   0.01416   0.00531    0.0336        27       640     0.715    0.8468    0.8258    0.7119   0.05837   0.04028   0.03436
   270/299     3.98G   0.01167    0.0145  0.004937   0.03111        26       640    0.7179    0.8463    0.8241    0.7128   0.05836   0.03879   0.03485
   271/299     3.98G   0.01135   0.01398  0.004798   0.03013        23       640    0.7061    0.8627     0.826    0.7134   0.05836   0.04104   0.03444
   272/299     3.98G   0.01309   0.01405  0.005108   0.03225        20       640    0.7037    0.8583    0.8241    0.7106   0.05837    0.0407    0.0342
   273/299     3.98G   0.01328   0.01427  0.005067   0.03261        13       640    0.7029    0.8578    0.8231    0.7116   0.05836   0.04133   0.03408
   274/299     3.98G   0.01133   0.01366  0.004534   0.02952        23       640    0.7172    0.8587    0.8315    0.7174   0.05834   0.04144   0.03419
   275/299     3.98G   0.01087   0.01398  0.004658    0.0295        23       640    0.7261    0.8401    0.8264    0.7123   0.05837   0.04116   0.03453
   276/299     3.98G   0.01144    0.0137  0.004494   0.02963        15       640     0.714    0.8619    0.8269    0.7143   0.05838   0.04203    0.0347
   277/299     3.98G   0.01139    0.0142   0.00477   0.03036        37       640    0.7159    0.8597     0.825    0.7128   0.05836   0.04081   0.03489
   278/299     3.98G   0.01147   0.01369  0.004675   0.02984        32       640    0.7069    0.8617    0.8302    0.7191   0.05835    0.0408   0.03478
   279/299     3.98G   0.01092     0.014  0.004394   0.02931        38       640     0.705    0.8618     0.832    0.7195   0.05837   0.04155   0.03488
   280/299     3.98G   0.01169   0.01409  0.004523    0.0303        32       640    0.7146    0.8513    0.8242    0.7113   0.05835   0.04208   0.03488
   281/299     3.98G   0.01174    0.0137  0.004782   0.03023        15       640    0.7169    0.8505    0.8335    0.7223   0.05835   0.04171   0.03435
   282/299     3.98G    0.0108   0.01386  0.004603   0.02926        27       640    0.7137    0.8509    0.8329    0.7213   0.05834   0.04115   0.03407
   283/299     3.98G   0.01135   0.01357  0.004536   0.02945        10       640     0.731     0.839    0.8248    0.7141   0.05832   0.04229   0.03412
   284/299     3.98G   0.01123   0.01343   0.00433   0.02899        30       640    0.7095      0.87    0.8324    0.7216   0.05833   0.04209   0.03414
   285/299     3.98G   0.01115   0.01321  0.004373   0.02872         8       640    0.7255    0.8511    0.8384    0.7272   0.05832   0.04225   0.03412
   286/299     3.98G   0.01266   0.01362  0.004703   0.03099        14       640    0.7352    0.8313    0.8348     0.723   0.05833   0.04212   0.03396
   287/299     3.98G   0.01153   0.01398  0.004578   0.03008        46       640    0.7215     0.858    0.8328    0.7219    0.0583   0.04179   0.03421
   288/299     3.98G  0.009894   0.01376  0.004102   0.02775        29       640    0.7353    0.8433    0.8306    0.7179   0.05835   0.04119   0.03413
   289/299     3.98G   0.01132   0.01395  0.004583   0.02986        14       640    0.7274    0.8566    0.8334    0.7203   0.05831   0.04088   0.03426
   290/299     3.98G  0.009277   0.01346  0.004064    0.0268        15       640     0.752     0.835    0.8364    0.7244   0.05832   0.04289   0.03446
   291/299     3.98G  0.009668   0.01319  0.004312   0.02717        13       640    0.7377    0.8414    0.8375     0.725   0.05832   0.04237    0.0346
   292/299     3.98G   0.01151    0.0134  0.004584   0.02949        23       640    0.7288    0.8446    0.8324    0.7222   0.05832   0.04307   0.03409
   293/299     3.98G   0.01128    0.0136  0.004659   0.02953        44       640    0.7246    0.8358    0.8274    0.7171   0.05831   0.04222   0.03451
   294/299     3.98G   0.01089   0.01446  0.004464    0.0298        29       640    0.7301    0.8308     0.829    0.7168   0.05833    0.0418   0.03426
   295/299     3.98G   0.01112   0.01328  0.004329   0.02873        15       640    0.7428    0.8159    0.8296    0.7188   0.05832   0.04181   0.03408
   296/299     3.98G   0.00992   0.01316  0.004108   0.02719        18       640     0.736    0.8148    0.8298    0.7196   0.05834   0.04248   0.03418
   297/299     3.98G   0.01093   0.01378  0.004145   0.02886        30       640    0.7275    0.8365    0.8326    0.7193   0.05831   0.04279   0.03435
   298/299     3.98G   0.01098   0.01344   0.00455   0.02896        18       640    0.7238    0.8511     0.835    0.7236   0.05832   0.04226   0.03437
   299/299     3.98G     0.011   0.01406  0.004246    0.0293        20       640    0.7202    0.8337     0.831      0.72   0.05833   0.04282   0.03416
