     0/299     3.59G   0.05145    0.5239    0.0874    0.6627        24       640   0.00384   0.04774 8.503e-05 1.906e-05    0.1141      1.97    0.1247
     1/299     3.79G   0.06591   0.03629    0.1063    0.2085        29       640   0.02676    0.3811   0.01825  0.004855   0.07782   0.04739   0.09729
     2/299      3.8G   0.05856   0.03376   0.07354    0.1659        35       640   0.04559    0.3217   0.03563   0.01236   0.07937   0.05158   0.06695
     3/299      3.8G   0.05658   0.03043   0.04458    0.1316        52       640    0.6308   0.06986   0.02269  0.004162    0.1126    0.1041   0.09754
     4/299      3.8G   0.06074    0.0332   0.03667    0.1306        13       640    0.4961    0.1274   0.02734  0.007052     0.101    0.1211   0.04876
     5/299      3.8G   0.06051   0.02959   0.03763    0.1277         8       640   0.01523    0.1259  0.008633  0.002431    0.1072   0.06213   0.05304
     6/299      3.8G   0.05177   0.02186   0.03395    0.1076        28       640     0.513    0.2789   0.07224   0.03614   0.08692   0.08575   0.04451
     7/299      3.8G   0.04757   0.02165   0.03431    0.1035        15       640    0.5364    0.2837    0.0919   0.03493    0.0809   0.09504   0.04411
     8/299      3.8G   0.04455    0.0223   0.03508    0.1019        25       640    0.5344    0.2912   0.09375   0.04124   0.06814   0.07555   0.04632
     9/299      3.8G   0.04068   0.02207   0.03562   0.09837        14       640    0.5401    0.3624    0.1053      0.06   0.06009   0.07404    0.0459
    10/299      3.8G    0.0395   0.02173   0.03529   0.09653        24       640     0.539    0.3222    0.1153   0.06294   0.06089   0.06975   0.04663
    11/299      3.8G   0.03652   0.02298    0.0351    0.0946        26       640    0.5432    0.3308    0.1272   0.07209   0.05653   0.06442   0.04656
    12/299      3.8G   0.03551   0.02427   0.03553    0.0953        22       640    0.6143    0.3047    0.1213   0.07104   0.05257   0.05815   0.04638
    13/299      3.8G   0.03457   0.02452   0.03536   0.09446        31       640      0.43    0.3307    0.1068    0.0587   0.05612   0.05238   0.04545
    14/299      3.8G   0.03196    0.0255   0.03464   0.09211         7       640    0.3632    0.4957    0.1106   0.07627   0.04578   0.05447   0.04515
    15/299      3.8G   0.03194   0.02624   0.03509   0.09327        27       640    0.5613    0.3721    0.1007   0.06518   0.05582   0.05139   0.04586
    16/299      3.8G   0.03063   0.02575   0.03492    0.0913        18       640    0.5608    0.3929    0.1042   0.07361   0.04642   0.05224   0.04617
    17/299      3.8G   0.03052    0.0257   0.03441   0.09064        19       640    0.5582    0.3776    0.1096   0.07389   0.04638   0.05214   0.04683
    18/299      3.8G   0.02923   0.02578   0.03402   0.08902        28       640    0.4229    0.4829     0.117   0.08318   0.04471   0.05001   0.04791
    19/299      3.8G   0.02958   0.02601   0.03408   0.08967        13       640    0.4146    0.4901    0.1202   0.08133   0.04497   0.05017   0.04875
    20/299      3.8G   0.02792   0.02477   0.03355   0.08623        30       640    0.4302    0.4925    0.1329   0.09465   0.04177    0.0488   0.04913
    21/299      3.8G   0.02763   0.02522   0.03358   0.08644        23       640    0.4833    0.4818    0.1243   0.09003   0.04228   0.04708   0.04973
    22/299      3.8G     0.029   0.02534   0.03347   0.08782        22       640    0.5044    0.4347    0.1334   0.08421   0.04322   0.04622   0.05011
    23/299      3.8G   0.02724   0.02494   0.03339   0.08558        25       640    0.4466     0.504    0.1485    0.1046   0.04018   0.04418   0.05036
    24/299      3.8G   0.02669   0.02588   0.03346   0.08603        21       640    0.1045    0.5217    0.1477     0.107   0.03984   0.04061   0.05045
    25/299      3.8G   0.02629    0.0266   0.03287   0.08576        14       640   0.09446    0.5416    0.1431    0.1065   0.03747   0.04061   0.05034
    26/299      3.8G   0.02659   0.02644   0.03281   0.08584        32       640   0.08394    0.5287     0.151    0.1037     0.039   0.03967   0.05013
    27/299      3.8G   0.02579   0.02706    0.0324   0.08525        30       640   0.08382    0.5313    0.1582    0.1164   0.03477   0.04064   0.04978
    28/299      3.8G    0.0263   0.02552   0.03194   0.08377        38       640    0.4432    0.4981    0.1611     0.122   0.03578    0.0451   0.04938
    29/299      3.8G   0.02517   0.02685   0.03149   0.08351        14       640    0.5118    0.4951      0.17    0.1244   0.03511   0.04569   0.04926
    30/299      3.8G   0.02526   0.02608   0.03101   0.08235        27       640    0.5072    0.5024    0.1797    0.1344   0.03372   0.04179   0.04948
    31/299      3.8G   0.02618   0.02638   0.03062   0.08319        17       640    0.5792    0.5012     0.187    0.1333   0.03747   0.04657   0.04907
    32/299      3.8G   0.02497   0.02664   0.03069    0.0823         7       640    0.5077    0.5004    0.1956    0.1398   0.03588   0.04362   0.04911
    33/299      3.8G   0.02573   0.02564   0.02994   0.08132        22       640    0.5122    0.5003    0.2027    0.1528     0.034   0.04447   0.04886
    34/299      3.8G    0.0253   0.02572   0.02934   0.08037        49       640    0.5213    0.5058     0.201    0.1465   0.03446   0.04706   0.04869
    35/299      3.8G   0.02512   0.02534   0.02892   0.07937        18       640    0.4526    0.5152    0.2085    0.1595   0.03551    0.0508   0.04825
    36/299      3.8G     0.024   0.02611   0.02866   0.07878        17       640     0.526    0.5288    0.2128    0.1605   0.03177   0.03983   0.04845
    37/299      3.8G   0.02378   0.02563   0.02794   0.07735        24       640    0.4553    0.5101    0.2135    0.1569   0.03567   0.04743   0.04825
    38/299      3.8G   0.02579    0.0253   0.02738   0.07846        15       640    0.4529    0.4985    0.2206    0.1674   0.03494   0.04618   0.04839
    39/299      3.8G   0.02374   0.02574   0.02671   0.07618        23       640    0.4567    0.5097    0.2309    0.1742   0.03455   0.04467    0.0483
    40/299      3.8G   0.02362   0.02557   0.02615   0.07535        37       640    0.4528    0.5134    0.2208    0.1666   0.03367   0.04466    0.0488
    41/299      3.8G   0.02366   0.02474   0.02586   0.07426        22       640    0.4619    0.5153    0.2286    0.1779   0.03232   0.04409   0.04942
    42/299      3.8G   0.02419   0.02526    0.0253   0.07475        39       640    0.4632    0.5307    0.2394    0.1852   0.03212   0.03999   0.04968
    43/299      3.8G   0.02428   0.02575   0.02431   0.07434        30       640    0.4562    0.5268    0.2288    0.1754    0.0314   0.03919   0.05008
    44/299      3.8G   0.02313   0.02527   0.02431   0.07271        18       640    0.4759    0.4908    0.2487    0.1917   0.03259   0.04095   0.05007
    45/299      3.8G   0.02332   0.02554   0.02401   0.07286         9       640    0.4853    0.4758    0.2408    0.1741   0.03416   0.04661   0.05195
    46/299      3.8G   0.02366   0.02524   0.02362   0.07252        15       640    0.5548    0.5004    0.2468      0.18   0.03444   0.03958   0.05057
    47/299      3.8G   0.02342    0.0249   0.02358    0.0719         7       640    0.4918    0.4953    0.2472    0.1956   0.03154   0.04492   0.05231
    48/299      3.8G   0.02257   0.02583   0.02329   0.07168         7       640    0.4833    0.5317    0.2776    0.2159   0.03037   0.04297   0.05093
    49/299      3.8G   0.02375   0.02449   0.02275     0.071        10       640     0.486    0.5194    0.2719     0.203   0.03369   0.04458   0.05136
    50/299      3.8G   0.02281   0.02514   0.02278   0.07073        29       640     0.494    0.5394    0.2847    0.2216   0.03252   0.04089   0.05112
    51/299      3.8G   0.02171   0.02392   0.02291   0.06853        19       640    0.4883    0.5025    0.2858    0.2146    0.0337   0.04284   0.05173
    52/299      3.8G    0.0222   0.02528   0.02261   0.07009        17       640     0.483    0.4993    0.2854     0.226    0.0311   0.04301   0.05148
    53/299      3.8G   0.02306    0.0238    0.0224   0.06926        26       640    0.4923    0.5303    0.2937    0.2251   0.03236   0.04414   0.05053
    54/299      3.8G   0.02266   0.02491    0.0222   0.06977        41       640    0.5037    0.5407    0.3049    0.2415    0.0309   0.04322   0.05092
    55/299      3.8G   0.02185   0.02553   0.02204   0.06942         9       640    0.5008    0.5369    0.2994    0.2286    0.0317   0.04382   0.05058
    56/299      3.8G    0.0227   0.02415   0.02215   0.06899        36       640     0.642    0.4276    0.3097    0.2361   0.03248   0.04139   0.05079
    57/299      3.8G   0.02123   0.02388   0.02179    0.0669        31       640    0.2186    0.6756    0.3008    0.2288   0.03107   0.04733   0.05142
    58/299      3.8G   0.02207   0.02497   0.02208   0.06912        46       640    0.2135    0.7059    0.3135    0.2466   0.03101   0.04517   0.05108
    59/299      3.8G   0.02196   0.02482   0.02149   0.06828        42       640    0.6403     0.433    0.3138    0.2489   0.03075   0.04143   0.05095
    60/299      3.8G   0.02082   0.02445   0.02135   0.06662        16       640    0.6503     0.391    0.3129    0.2506   0.03112     0.047   0.05056
    61/299      3.8G   0.02168   0.02319   0.02132   0.06618        14       640    0.5192    0.5386    0.3118    0.2386   0.03054   0.04203   0.05113
    62/299      3.8G   0.02102   0.02521    0.0209   0.06712        16       640    0.4449    0.5719    0.3037     0.242   0.03125   0.04216   0.05047
    63/299      3.8G   0.02208   0.02329     0.021   0.06637        29       640    0.6562    0.3719    0.3006     0.236   0.03161   0.05355    0.0514
    64/299      3.8G   0.02241   0.02432    0.0208   0.06753        27       640    0.3785    0.6002    0.3043    0.2466   0.03146   0.04395    0.0513
    65/299      3.8G   0.02012    0.0234   0.02063   0.06416        12       640    0.5055    0.5473    0.3167    0.2531   0.02966   0.04742   0.05074
    66/299      3.8G   0.02185   0.02397   0.02053   0.06635        31       640     0.387    0.6051    0.3243    0.2558   0.03153   0.05022   0.05049
    67/299      3.8G   0.02214   0.02448    0.0206   0.06722         8       640    0.6654     0.386    0.3293    0.2524   0.03068   0.04569   0.05041
    68/299      3.8G   0.02188   0.02298   0.02022   0.06508        35       640    0.6616    0.3857    0.3345    0.2729   0.02869   0.04619   0.04999
    69/299      3.8G   0.02092   0.02424   0.02034    0.0655        28       640    0.6479    0.4171    0.3264     0.259   0.03067   0.04571   0.05003
    70/299      3.8G   0.02081   0.02306   0.02005   0.06391        18       640    0.4497    0.5997    0.3269    0.2588   0.02977   0.04351   0.05106
    71/299      3.8G   0.02095    0.0236   0.02011   0.06466        15       640    0.5984    0.4394    0.3355    0.2664   0.03183   0.04329   0.05019
    72/299      3.8G   0.02006   0.02346   0.01994   0.06346        17       640    0.5981    0.4098    0.3444    0.2753   0.03038   0.04819   0.05049
    73/299      3.8G   0.02043   0.02359   0.01954   0.06356        27       640    0.5285    0.5444    0.3503    0.2818   0.02984   0.04509   0.05104
    74/299      3.8G   0.02126   0.02349   0.01935    0.0641        63       640    0.5967    0.4997    0.3252    0.2622    0.0292   0.04096   0.05107
    75/299      3.8G   0.01928   0.02283   0.01925   0.06137        27       640    0.5979    0.5098    0.3463    0.2826   0.02894   0.04566   0.05041
    76/299      3.8G    0.0192   0.02289   0.01938   0.06147        12       640    0.5914     0.472    0.3552    0.2797   0.02989   0.05058   0.04966
    77/299      3.8G   0.02155   0.02398   0.01882   0.06434        11       640    0.6159    0.4321    0.3447    0.2744   0.02941   0.04563   0.05112
    78/299      3.8G   0.02092   0.02301   0.01887    0.0628        13       640     0.609    0.4887     0.355    0.2845   0.03025   0.05137   0.04887
    79/299      3.8G   0.02045   0.02313   0.01879   0.06237         8       640    0.3864    0.6218    0.3726    0.3022   0.02906   0.04525   0.04977
    80/299      3.8G   0.01902   0.02265   0.01841   0.06008        25       640    0.6167    0.5077    0.3805    0.3064   0.02947   0.04569   0.05033
    81/299      3.8G   0.02032   0.02364   0.01833   0.06229        19       640    0.3598    0.6328    0.3727    0.3005   0.02984    0.0461    0.0497
    82/299      3.8G   0.01838   0.02292    0.0182    0.0595        36       640     0.356    0.6525    0.3811    0.3084   0.02911   0.04495   0.05061
    83/299      3.8G   0.01926   0.02277   0.01803   0.06006        19       640     0.356    0.6641    0.3856     0.308   0.03081   0.05488   0.04807
    84/299      3.8G   0.02033   0.02282   0.01783   0.06098        13       640    0.5509    0.5072     0.395    0.3163   0.02964   0.04737    0.0503
    85/299      3.8G    0.0194   0.02324   0.01746    0.0601        45       640    0.4029     0.644     0.399      0.32   0.03099   0.05054   0.04864
    86/299      3.8G   0.01998   0.02331   0.01732   0.06061        27       640    0.3701    0.6812    0.4142    0.3416   0.02843   0.04695   0.04903
    87/299      3.8G   0.01945     0.024   0.01751   0.06096        36       640    0.3805    0.6693    0.4199    0.3427   0.03085   0.05064   0.04893
    88/299      3.8G   0.01805   0.02359   0.01749   0.05913        26       640    0.3681    0.7208    0.4426    0.3624   0.02925   0.04556   0.04985
    89/299      3.8G   0.01994   0.02218   0.01724   0.05936        15       640    0.3923    0.6682    0.4358    0.3535   0.02993    0.0473   0.04839
    90/299      3.8G    0.0193   0.02249   0.01698   0.05877        37       640    0.4066    0.6211    0.4232    0.3454   0.02867   0.04798   0.04892
    91/299      3.8G   0.01912   0.02257   0.01665   0.05833        22       640    0.4107    0.6267    0.4404    0.3605   0.02988   0.04657   0.04886
    92/299      3.8G   0.01958   0.02313   0.01627   0.05899        18       640    0.4974    0.5921    0.4488    0.3638   0.02884   0.04856   0.04924
    93/299      3.8G   0.01801   0.02304   0.01636    0.0574         8       640    0.4952    0.6167    0.4565    0.3767   0.02869   0.04569   0.04925
    94/299      3.8G   0.01863   0.02231   0.01605     0.057        25       640    0.5108    0.5973    0.4476    0.3669   0.02897   0.04308   0.04882
    95/299      3.8G   0.01884   0.02217    0.0159   0.05691        14       640     0.522    0.6003    0.4639    0.3865    0.0282   0.04431   0.04851
    96/299      3.8G   0.01911   0.02312   0.01555   0.05778        23       640    0.5337     0.566     0.468    0.3805   0.02982   0.04441   0.04891
    97/299      3.8G   0.01828   0.02222    0.0153    0.0558        14       640    0.5095    0.6191    0.4629    0.3845   0.02777   0.04118   0.04999
    98/299      3.8G   0.01868   0.02255   0.01479   0.05602        20       640     0.522    0.5798    0.4858    0.4041   0.02795   0.04104   0.04939
    99/299      3.8G   0.01814   0.02303   0.01428   0.05546        27       640    0.4994    0.6087    0.4697    0.3877   0.02926   0.03945   0.04931
   100/299      3.8G   0.01879   0.02308   0.01464    0.0565        12       640    0.5349     0.565    0.4944    0.4061   0.02829   0.04114   0.04919
   101/299      3.8G   0.01851   0.02344   0.01435    0.0563        36       640    0.5554    0.5641    0.5004    0.4177   0.02773   0.04025   0.05001
   102/299      3.8G     0.017   0.02364   0.01447   0.05511        16       640    0.4663    0.6256    0.4919    0.3991   0.02844   0.03897   0.04975
   103/299      3.8G   0.01827   0.02208   0.01399   0.05434        15       640    0.5525    0.5969    0.5183    0.4296    0.0278   0.04098   0.05081
   104/299      3.8G   0.01792   0.02311   0.01358   0.05462        19       640    0.6232    0.5216    0.5303    0.4345    0.0278   0.03919   0.04999
   105/299      3.8G   0.01947    0.0229   0.01435   0.05672        18       640    0.4692    0.6004    0.5114    0.4261   0.02802   0.04037   0.05006
   106/299      3.8G   0.01781   0.02244   0.01397   0.05422        45       640    0.3184    0.8206     0.533    0.4477   0.02739   0.04146   0.05082
   107/299      3.8G   0.01796   0.02276   0.01408   0.05481        24       640    0.3552    0.8039    0.5249    0.4344   0.02807   0.04084   0.05114
   108/299      3.8G   0.01804   0.02279   0.01332   0.05414        39       640    0.3617    0.7823    0.5576    0.4619   0.02765   0.04179   0.05081
   109/299      3.8G   0.01737    0.0227   0.01301   0.05308        12       640    0.3663    0.8124    0.5606     0.464   0.02776   0.03995   0.05105
   110/299      3.8G   0.01873   0.02218   0.01315   0.05406         8       640    0.3571    0.8196    0.5731    0.4774   0.02707   0.04105   0.05143
   111/299      3.8G   0.01856   0.02214   0.01309   0.05378        11       640    0.3438    0.8153    0.5216    0.4291   0.02775   0.04281    0.0509
   112/299      3.8G   0.01798    0.0224   0.01267   0.05304        36       640    0.3714    0.7645    0.5831    0.4854   0.02752   0.04056   0.05065
   113/299      3.8G   0.01711   0.02245   0.01279   0.05235        40       640    0.4497    0.6467    0.5596    0.4636   0.02728   0.04046   0.05151
   114/299      3.8G   0.01735     0.022   0.01265   0.05199        17       640     0.463    0.7182    0.5875    0.4874   0.02842   0.04152   0.05162
   115/299      3.8G   0.01747   0.02257   0.01251   0.05255        32       640     0.378    0.7666     0.589    0.4848   0.02771   0.03977   0.05043
   116/299      3.8G   0.01718   0.02236    0.0125   0.05204        41       640    0.4576    0.7452    0.5984     0.494   0.02741   0.04168   0.05091
   117/299      3.8G   0.01724   0.02241   0.01245    0.0521        32       640    0.4916    0.6753    0.6108    0.5098   0.02722   0.04326   0.05198
   118/299      3.8G   0.01786   0.02184   0.01198   0.05167        24       640      0.49    0.6859    0.6058    0.5045   0.02808   0.04183   0.05135
   119/299      3.8G   0.01681   0.02148   0.01207   0.05036        26       640    0.5223    0.6618    0.6037    0.5016   0.02741   0.04121   0.05164
   120/299      3.8G   0.01662    0.0214   0.01184   0.04986        28       640    0.5263     0.662    0.6079    0.5026     0.027   0.04221   0.05081
   121/299      3.8G   0.01669   0.02245    0.0116   0.05074        20       640     0.576    0.6796    0.6267    0.5218   0.02686   0.04073   0.05038
   122/299      3.8G   0.01674   0.02161   0.01146   0.04981        16       640    0.6243    0.6882     0.631    0.5223   0.02702   0.04057   0.05085
   123/299      3.8G   0.01763   0.02286   0.01161    0.0521        37       640     0.617    0.7074    0.6419    0.5329   0.02699   0.04221    0.0503
   124/299      3.8G   0.01572   0.02184   0.01128   0.04884        29       640    0.6574    0.6463    0.6451    0.5411   0.02673    0.0411   0.05094
   125/299      3.8G   0.01743   0.02196   0.01137   0.05076        27       640    0.6568    0.6415     0.635    0.5276   0.02747   0.04264   0.05015
   126/299      3.8G    0.0172   0.02202   0.01131   0.05053        21       640    0.6393    0.6628    0.6499     0.543   0.02706   0.04163   0.05079
   127/299      3.8G   0.01713   0.02123   0.01115   0.04951        64       640    0.6586    0.6655    0.6561    0.5517   0.02699   0.04305   0.04953
   128/299      3.8G   0.01694   0.02108   0.01137   0.04939        21       640    0.6464    0.6636    0.6591    0.5513   0.02751    0.0419   0.04981
   129/299      3.8G    0.0162    0.0223   0.01108   0.04958        28       640    0.6886    0.6387    0.6591    0.5556   0.02667   0.04161   0.04984
   130/299      3.8G    0.0156   0.02216   0.01084    0.0486        48       640    0.6859    0.6523    0.6699     0.566   0.02673    0.0422   0.04929
   131/299      3.8G   0.01643   0.02143   0.01052   0.04839        13       640    0.6076    0.7149    0.6746    0.5691   0.02676   0.04233   0.04857
   132/299      3.8G    0.0168   0.02131   0.01036   0.04848        24       640     0.484    0.8054    0.6603      0.55   0.02701   0.04385   0.05051
   133/299      3.8G   0.01627   0.02189    0.0105   0.04866        47       640    0.6776    0.6442    0.6468    0.5437   0.02676   0.04409   0.05087
   134/299      3.8G   0.01652   0.02135   0.01017   0.04804        14       640    0.6662    0.7014    0.6782    0.5722   0.02665   0.04314   0.05069
   135/299      3.8G   0.01643   0.02195   0.01041   0.04878        12       640    0.6066    0.7015    0.6717    0.5663   0.02664   0.04348   0.04957
   136/299      3.8G   0.01528    0.0207   0.01012    0.0461        12       640    0.7002    0.6706    0.6838    0.5767   0.02669   0.04378   0.04881
   137/299      3.8G   0.01536   0.02178   0.01001   0.04715         8       640    0.4766    0.8609    0.6723    0.5668   0.02652   0.04447   0.04896
   138/299      3.8G   0.01593   0.02048  0.009603   0.04601        13       640    0.6593    0.6884    0.6767    0.5715   0.02644   0.04495   0.04917
   139/299      3.8G   0.01682    0.0205  0.009743   0.04706        29       640    0.5574    0.7909    0.6765    0.5738   0.02663   0.04465   0.04876
   140/299      3.8G   0.01484   0.02106  0.009591    0.0455        24       640    0.5808    0.7873     0.694    0.5894   0.02658   0.04592    0.0496
   141/299      3.8G    0.0146   0.02042  0.009687    0.0447        20       640    0.4948    0.8589    0.6933    0.5877   0.02645   0.04478   0.04978
   142/299      3.8G    0.0165   0.02086  0.009389   0.04675        28       640     0.698    0.6672     0.698     0.592   0.02644   0.04564   0.04798
   143/299      3.8G   0.01603   0.02077  0.009116   0.04591        39       640     0.731    0.6501    0.7035    0.5941   0.02626   0.04465   0.04905
   144/299      3.8G   0.01628   0.02123  0.009437   0.04695        16       640    0.6759    0.7143    0.7167    0.6072   0.02676   0.04287   0.04875
   145/299      3.8G   0.01573   0.02099  0.009294   0.04601        35       640    0.6538    0.6769     0.693    0.5833   0.02664   0.04593   0.04921
   146/299      3.8G   0.01513   0.02102  0.009052    0.0452        14       640    0.5565    0.8546    0.7287    0.6182   0.02643   0.04664   0.05019
   147/299      3.8G   0.01518    0.0206  0.009341   0.04513        37       640    0.7173    0.7011    0.7254    0.6171   0.02626    0.0456   0.04888
   148/299      3.8G   0.01599    0.0205  0.008647   0.04513        10       640     0.735    0.6824     0.726    0.6168   0.02629    0.0477   0.04845
   149/299      3.8G   0.01561   0.02031  0.008762   0.04468        38       640    0.7159    0.6947    0.7313    0.6245    0.0264   0.04689   0.04954
   150/299      3.8G   0.01496   0.02096  0.008893   0.04481        21       640    0.5484    0.8495     0.734    0.6261   0.02614   0.04555   0.04855
   151/299      3.8G   0.01576   0.02107   0.00873   0.04556        28       640    0.7114    0.7326    0.7507    0.6396   0.02617   0.04648   0.04816
   152/299      3.8G   0.01519   0.01975  0.008747   0.04369         9       640    0.7368    0.7031    0.7449    0.6343   0.02624   0.04745   0.04834
   153/299      3.8G   0.01521   0.01963  0.008693   0.04354        40       640    0.6346    0.7789    0.7416    0.6288   0.02631   0.04668   0.04847
   154/299      3.8G   0.01485   0.02031  0.008609   0.04377        20       640    0.6809    0.7523    0.7492    0.6402   0.02606   0.04637   0.04831
   155/299      3.8G   0.01532    0.0203  0.008403   0.04402        16       640    0.5783    0.8289    0.7523    0.6444   0.02605    0.0485    0.0485
   156/299      3.8G   0.01478   0.01988  0.008547   0.04321        21       640     0.636    0.7384    0.7591    0.6487   0.02608   0.04846   0.04827
   157/299      3.8G   0.01405   0.01999  0.008443   0.04249        10       640    0.6304    0.7757    0.7393    0.6325   0.02624   0.04751   0.04792
   158/299      3.8G   0.01403   0.02008  0.008195    0.0423        24       640    0.6252    0.7792     0.753     0.642   0.02609   0.04886     0.048
   159/299      3.8G   0.01464   0.02009  0.008301   0.04304        22       640    0.6344    0.7567    0.7576    0.6498   0.02615   0.04832   0.04797
   160/299      3.8G   0.01419   0.01973   0.00835   0.04227        18       640    0.6323     0.735    0.7459    0.6408   0.02615    0.0465   0.04858
   161/299      3.8G   0.01478   0.01977  0.008204   0.04275        37       640    0.6375    0.7482    0.7631     0.652   0.02614   0.04924   0.04806
   162/299      3.8G   0.01382    0.0196   0.00795   0.04137        23       640    0.6516    0.7071    0.7421    0.6387   0.02577   0.04742   0.04895
   163/299      3.8G   0.01358    0.0199  0.008013   0.04149        17       640    0.6413     0.755    0.7537    0.6488   0.02584   0.04788   0.04864
   164/299      3.8G    0.0139   0.01987  0.008079   0.04186        40       640    0.6935    0.7173     0.766    0.6583   0.02575   0.04789   0.04827
   165/299      3.8G   0.01413   0.01965  0.007754   0.04154        41       640    0.6614    0.7403     0.768    0.6568   0.02599   0.04988   0.04784
   166/299      3.8G   0.01474   0.01942  0.007694   0.04186         9       640    0.6891    0.7307    0.7758    0.6618   0.02606   0.04911   0.04819
   167/299      3.8G   0.01365    0.0191  0.007657   0.04041        11       640    0.6837    0.7296    0.7942    0.6802   0.02576    0.0485   0.04933
   168/299      3.8G   0.01353   0.01933  0.007683   0.04054        17       640    0.6476    0.7699    0.7778    0.6679   0.02589   0.04942   0.04844
   169/299      3.8G   0.01375   0.01992   0.00762   0.04129        15       640    0.6449    0.7657    0.7673    0.6648   0.02581   0.05078   0.04842
   170/299      3.8G   0.01339    0.0183  0.007515   0.03921        30       640    0.6966    0.7351    0.7849    0.6784    0.0258   0.05008   0.04892
   171/299      3.8G   0.01391   0.01914  0.007488   0.04053        49       640    0.6406    0.7861    0.7792    0.6675   0.02592   0.04842   0.04851
   172/299      3.8G   0.01404   0.01915  0.007662   0.04085        55       640    0.6238    0.8289     0.774    0.6671   0.02576   0.04991   0.04801
   173/299      3.8G    0.0139   0.01936  0.007508   0.04077        18       640    0.7385    0.7419    0.8045    0.6931    0.0257   0.04933   0.04825
   174/299      3.8G   0.01425   0.01913  0.007342   0.04072        24       640    0.6975    0.7501    0.7898     0.681   0.02566   0.05234   0.04856
   175/299      3.8G   0.01398   0.01909  0.007421   0.04049        39       640    0.6808    0.7684    0.7861    0.6761   0.02576   0.05172   0.04865
   176/299      3.8G   0.01332   0.01944  0.007513   0.04028        35       640    0.6537    0.7907    0.7827    0.6728   0.02577   0.05178   0.04789
   177/299      3.8G    0.0138   0.01866  0.007337    0.0398        24       640    0.6688    0.7821    0.7886    0.6771   0.02565   0.04817   0.04819
   178/299      3.8G   0.01307   0.01842  0.006993   0.03849        19       640    0.6862    0.7722    0.7859    0.6756   0.02587   0.05333   0.04842
   179/299      3.8G   0.01378   0.01838  0.007102   0.03927        52       640     0.687    0.7454    0.7802    0.6703   0.02583   0.05271   0.04876
   180/299      3.8G   0.01364    0.0189  0.007219   0.03976        30       640    0.8071    0.7222    0.8004    0.6923    0.0256    0.0517   0.04867
   181/299      3.8G   0.01319   0.01836  0.007093   0.03864         5       640    0.6571     0.831     0.803    0.6919   0.02564   0.05304   0.04862
   182/299      3.8G   0.01302   0.01831  0.006972    0.0383        13       640    0.6742    0.7498    0.7933    0.6829   0.02573   0.04976   0.04877
   183/299      3.8G   0.01298   0.01842     0.007    0.0384        23       640    0.7091    0.7472    0.8018    0.6899   0.02567   0.05274   0.04782
   184/299      3.8G   0.01317   0.01826  0.006696   0.03812        50       640    0.7077     0.762    0.8086    0.6952   0.02556   0.05029   0.04766
   185/299      3.8G   0.01351   0.01884  0.006814   0.03916        32       640    0.6962    0.8202    0.8121    0.6997   0.02565   0.05317   0.04864
   186/299      3.8G   0.01317   0.01908  0.006678   0.03893        12       640    0.7418    0.7462    0.8078    0.6953   0.02552   0.05304   0.04858
   187/299      3.8G   0.01289   0.01808  0.006665   0.03763         8       640    0.6822    0.8107    0.8086    0.6985    0.0258   0.05178   0.04887
   188/299      3.8G   0.01306   0.01809  0.006525   0.03768        22       640    0.6722    0.8352    0.8129    0.7042   0.02554   0.05413   0.04822
   189/299      3.8G   0.01276   0.01843  0.006749   0.03794        21       640    0.7285    0.8116    0.8298    0.7137   0.02564   0.05324   0.04745
   190/299      3.8G   0.01275   0.01833  0.006567   0.03765        36       640    0.6972     0.798    0.8133    0.7005    0.0255   0.05313   0.04791
   191/299      3.8G   0.01301   0.01881  0.006647   0.03848        14       640    0.6568    0.8492    0.8077    0.6987   0.02549   0.05287   0.04761
   192/299      3.8G   0.01301   0.01838  0.006682   0.03807        40       640    0.6966    0.8074    0.8134    0.7042   0.02549   0.05121   0.04852
   193/299      3.8G   0.01245   0.01829  0.006595   0.03733        10       640    0.6959    0.7847    0.8045    0.6968   0.02546   0.05225   0.04855
   194/299      3.8G   0.01277   0.01858  0.006283   0.03763         6       640    0.7416    0.7911    0.8139     0.704   0.02547   0.05383    0.0486
   195/299      3.8G   0.01247   0.01817   0.00647   0.03711        39       640    0.7225    0.7842    0.8033    0.6929   0.02556   0.05271   0.04819
   196/299      3.8G   0.01271   0.01836  0.006407   0.03748        12       640    0.6723    0.8167    0.8095    0.6996   0.02542   0.05412   0.04765
   197/299      3.8G   0.01234    0.0178   0.00618   0.03632        29       640    0.7767    0.7746    0.8176    0.7071   0.02546   0.05315    0.0484
   198/299      3.8G   0.01248   0.01748  0.006166   0.03613        33       640    0.7156    0.8298     0.838    0.7239   0.02545   0.05352   0.04827
   199/299      3.8G   0.01235    0.0177  0.006342   0.03639         6       640    0.7382    0.8115    0.8384    0.7243   0.02542   0.05393   0.04766
   200/299      3.8G   0.01229   0.01757  0.006421   0.03628        24       640     0.746    0.8183    0.8413    0.7282   0.02532   0.05355   0.04735
   201/299      3.8G   0.01244   0.01759  0.006178   0.03621        55       640    0.7445    0.8036    0.8315    0.7206   0.02528   0.05235   0.04817
   202/299      3.8G    0.0123    0.0179  0.006259   0.03646        25       640    0.7616    0.7784    0.8436    0.7298   0.02545   0.05619   0.04764
   203/299      3.8G   0.01238   0.01728   0.00605   0.03571        17       640    0.7714    0.8088    0.8401    0.7301    0.0253   0.05357   0.04843
   204/299      3.8G   0.01259   0.01759  0.005933   0.03611        26       640     0.745    0.8054    0.8361    0.7249   0.02535   0.05492   0.04875
   205/299      3.8G    0.0121   0.01752   0.00599   0.03561        50       640    0.7585    0.7999    0.8344    0.7238   0.02518   0.05402   0.04935
   206/299      3.8G   0.01242   0.01737  0.006023    0.0358        16       640    0.7494    0.8046    0.8326    0.7222   0.02523   0.05368   0.04828
   207/299      3.8G   0.01233     0.018  0.005923   0.03625        29       640    0.7485    0.8292    0.8449    0.7321   0.02526    0.0549   0.04792
   208/299      3.8G   0.01241   0.01719  0.006087   0.03568        24       640    0.7346    0.7889    0.8261    0.7155   0.02538   0.05352   0.04829
   209/299      3.8G   0.01209    0.0171    0.0061    0.0353        24       640      0.77    0.7925     0.845    0.7327   0.02528   0.05484   0.04779
   210/299      3.8G   0.01191   0.01744  0.005445    0.0348        35       640    0.7303    0.8252    0.8457    0.7333   0.02529   0.05608   0.04874
   211/299      3.8G   0.01209   0.01727   0.00605    0.0354        10       640    0.7968    0.7858    0.8396    0.7258   0.02529   0.05682   0.04841
   212/299      3.8G   0.01197   0.01721  0.005844   0.03502        37       640    0.7328     0.826     0.839    0.7253   0.02527   0.05581   0.04783
   213/299      3.8G   0.01198   0.01774  0.005675    0.0354        23       640     0.782    0.7727    0.8317    0.7185   0.02529   0.05628   0.04755
   214/299      3.8G   0.01196   0.01674  0.005699    0.0344        10       640    0.7416    0.8213    0.8456    0.7319   0.02518   0.05547   0.04835
   215/299      3.8G   0.01196   0.01699  0.005563    0.0345        23       640     0.737    0.8365    0.8434    0.7299   0.02532   0.05668   0.04769
   216/299      3.8G   0.01194   0.01727  0.005547   0.03476        26       640     0.713    0.8476    0.8416    0.7285   0.02524   0.05701   0.04745
   217/299      3.8G   0.01203   0.01603  0.005487   0.03355        10       640    0.7515    0.8265    0.8475    0.7328   0.02523   0.05766   0.04753
   218/299      3.8G   0.01218   0.01678  0.005847    0.0348        38       640    0.7396    0.8311    0.8468    0.7329   0.02515    0.0564   0.04829
   219/299      3.8G   0.01191   0.01712  0.005695   0.03473        10       640    0.7445    0.8075    0.8471    0.7332    0.0252   0.05689   0.04752
   220/299      3.8G   0.01186    0.0173  0.005643    0.0348        10       640    0.7845    0.8052    0.8506    0.7369   0.02517   0.05796   0.04808
   221/299      3.8G   0.01188   0.01669  0.005408   0.03397        38       640    0.7832    0.8111    0.8588    0.7425   0.02515   0.05715   0.04908
   222/299      3.8G   0.01174   0.01651  0.005238   0.03349        44       640    0.7845     0.801    0.8561     0.741   0.02523   0.05911   0.04785
   223/299      3.8G   0.01187   0.01701  0.005497   0.03438        21       640    0.7701    0.8077    0.8543    0.7393    0.0252   0.05594   0.04785
   224/299      3.8G   0.01175    0.0162   0.00533   0.03329        22       640    0.7385    0.8233     0.849    0.7354   0.02519   0.05834   0.04775
   225/299      3.8G   0.01195   0.01675  0.005203   0.03391        12       640    0.7655    0.8262    0.8481    0.7352   0.02515   0.05617    0.0483
   226/299      3.8G   0.01174   0.01691  0.005645    0.0343        21       640    0.7106    0.8484    0.8498    0.7361   0.02526   0.05795   0.04811
   227/299      3.8G   0.01179   0.01716  0.005109   0.03406        44       640      0.74    0.8261     0.855    0.7421   0.02515   0.05773   0.04792
   228/299      3.8G   0.01183   0.01679  0.005387   0.03401        20       640    0.7695    0.8172    0.8525    0.7413   0.02513    0.0567   0.04842
   229/299      3.8G   0.01187   0.01599  0.005197   0.03306        22       640    0.7586    0.8265    0.8578    0.7474   0.02518   0.06007    0.0483
   230/299      3.8G   0.01181     0.016  0.005379   0.03318        30       640    0.7753    0.8265    0.8665    0.7532   0.02515   0.05918   0.04907
   231/299      3.8G   0.01167   0.01679  0.005291   0.03375        39       640    0.7747    0.8128    0.8591    0.7465   0.02513   0.05771   0.04849
   232/299      3.8G   0.01166   0.01651  0.005103   0.03327        17       640    0.7315    0.8323    0.8542    0.7436   0.02519   0.05834   0.04794
   233/299      3.8G   0.01168   0.01627  0.005026   0.03298        18       640    0.7739    0.8198     0.859     0.746   0.02514   0.05948   0.04782
   234/299      3.8G    0.0116   0.01619  0.005057   0.03285        11       640    0.7712    0.8231    0.8561    0.7431   0.02514   0.06026   0.04834
   235/299      3.8G   0.01164   0.01669  0.005224   0.03355        18       640    0.7797    0.7919    0.8491    0.7392    0.0251    0.0578   0.04875
   236/299      3.8G   0.01161   0.01626  0.005029    0.0329         9       640    0.7929      0.82    0.8597      0.75   0.02508   0.05999   0.04837
   237/299      3.8G   0.01161   0.01585   0.00496   0.03242        12       640    0.7903    0.8179    0.8615    0.7498    0.0251   0.05906   0.04828
   238/299      3.8G    0.0115    0.0156  0.004763   0.03186        24       640    0.7833    0.8259    0.8521    0.7414   0.02508   0.05955   0.04831
   239/299      3.8G   0.01161   0.01598  0.004808   0.03239        25       640     0.777    0.8183    0.8547    0.7421    0.0251   0.05837   0.04891
   240/299      3.8G   0.01155   0.01628   0.00471   0.03254        39       640    0.7844    0.8284    0.8614    0.7485   0.02516   0.06077   0.04816
   241/299      3.8G   0.01163   0.01594  0.004881   0.03245        19       640    0.7621    0.8316     0.862    0.7518   0.02522   0.06165   0.04779
   242/299      3.8G    0.0117   0.01577  0.004826    0.0323        18       640    0.7898    0.8157    0.8653    0.7533    0.0251   0.06145    0.0483
   243/299      3.8G   0.01163   0.01608  0.005016   0.03272        15       640    0.7977     0.817      0.87    0.7574   0.02509   0.06039   0.04776
   244/299      3.8G   0.01146   0.01579   0.00472   0.03197        34       640    0.8236    0.7917    0.8655    0.7543   0.02505   0.05938   0.04754
   245/299      3.8G   0.01142   0.01508  0.004664   0.03116        36       640    0.7998    0.8135    0.8661    0.7534   0.02502   0.06002   0.04788
   246/299      3.8G    0.0114   0.01555  0.004736   0.03169        64       640    0.7975    0.8198    0.8654     0.754   0.02511   0.06182   0.04779
   247/299      3.8G   0.01141   0.01554  0.004601   0.03155        15       640    0.7958    0.8281    0.8694    0.7542   0.02515   0.06261   0.04743
   248/299      3.8G   0.01137   0.01567  0.004784   0.03182        42       640    0.8016    0.8208     0.869    0.7565   0.02505   0.05945   0.04777
   249/299      3.8G   0.01148   0.01546  0.004543   0.03148        12       640    0.8003    0.7996    0.8597    0.7483   0.02509   0.06032   0.04842
   250/299      3.8G   0.01144   0.01584   0.00481   0.03209        30       640    0.7568    0.8447    0.8577    0.7452   0.02504   0.05982   0.04866
   251/299      3.8G   0.01153   0.01556  0.004662   0.03175        35       640    0.7832    0.8264    0.8571    0.7452   0.02504   0.06232   0.04793
   252/299      3.8G   0.01139   0.01531  0.004616   0.03132        16       640    0.7711    0.8261    0.8579    0.7462   0.02508   0.06222   0.04795
   253/299      3.8G   0.01145   0.01528  0.004631   0.03136        21       640     0.786      0.82    0.8593    0.7477    0.0251   0.06181   0.04813
   254/299      3.8G   0.01143   0.01596  0.004568   0.03196        61       640     0.754    0.8515    0.8615     0.752   0.02507   0.06175   0.04717
   255/299      3.8G   0.01142     0.015  0.004547   0.03097        12       640     0.782    0.8185    0.8598    0.7483   0.02504   0.06063   0.04771
   256/299      3.8G   0.01138   0.01561  0.004572   0.03156        35       640    0.7879    0.8318    0.8617    0.7508   0.02509   0.06225   0.04822
   257/299      3.8G   0.01138   0.01519  0.004541   0.03111        32       640    0.7995    0.8189    0.8675    0.7565    0.0251   0.06179   0.04833
   258/299      3.8G    0.0114   0.01511   0.00454   0.03105        28       640    0.7909     0.814    0.8655    0.7541   0.02505   0.06188   0.04746
   259/299      3.8G   0.01136   0.01523  0.004413     0.031        31       640     0.795    0.8177    0.8618    0.7499   0.02505   0.06138   0.04744
   260/299      3.8G   0.01126     0.015  0.004286   0.03054        21       640     0.786    0.8252    0.8661     0.756   0.02506   0.06304   0.04728
   261/299      3.8G   0.01132   0.01482  0.004335   0.03048        24       640    0.8241    0.8038    0.8695    0.7566    0.0251    0.0626     0.048
   262/299      3.8G   0.01123    0.0149  0.004203   0.03033        12       640    0.8036    0.8184    0.8641    0.7553   0.02511   0.06318   0.04813
   263/299      3.8G   0.01128   0.01514   0.00423   0.03064        28       640    0.7864    0.8348    0.8628    0.7517   0.02517   0.06455   0.04781
   264/299      3.8G   0.01128   0.01514  0.004208   0.03063        20       640    0.7741    0.8259    0.8589    0.7472    0.0252   0.06418   0.04713
   265/299      3.8G   0.01127    0.0152   0.00447   0.03094        17       640    0.7972    0.8183    0.8652    0.7527   0.02511   0.06257   0.04719
   266/299      3.8G   0.01136   0.01538  0.004328   0.03106        26       640    0.7861     0.824    0.8618    0.7522    0.0251   0.06232   0.04706
   267/299      3.8G   0.01122   0.01457  0.004319    0.0301        17       640    0.8039    0.8236    0.8687    0.7567   0.02507   0.06359   0.04766
   268/299      3.8G   0.01129   0.01476  0.004235   0.03029        24       640    0.7995    0.8127    0.8607    0.7496   0.02508   0.06467   0.04754
   269/299      3.8G   0.01119   0.01486  0.004227   0.03028        27       640    0.7962    0.8113      0.86    0.7498   0.02514   0.06597   0.04745
   270/299      3.8G   0.01132   0.01527    0.0043    0.0309        26       640    0.8099    0.8012    0.8686    0.7573   0.02509   0.06464   0.04742
   271/299      3.8G   0.01127   0.01491  0.004148   0.03032        23       640    0.7856    0.8289     0.865    0.7535   0.02513   0.06409   0.04728
   272/299      3.8G   0.01113    0.0149  0.004083   0.03011        20       640     0.792    0.8254     0.867    0.7547   0.02512   0.06547    0.0472
   273/299      3.8G   0.01122   0.01499  0.004259   0.03047        13       640    0.7914     0.832    0.8588    0.7491   0.02504   0.06501   0.04648
   274/299      3.8G   0.01121   0.01423  0.004218   0.02965        23       640    0.7974    0.8202    0.8663    0.7534   0.02506   0.06447   0.04724
   275/299      3.8G   0.01124   0.01461   0.00418   0.03003        23       640    0.7967    0.8306    0.8698    0.7575   0.02511     0.067   0.04697
   276/299      3.8G   0.01113   0.01447  0.004054   0.02965        15       640    0.8046    0.8281     0.866    0.7547   0.02507   0.06526   0.04738
   277/299      3.8G   0.01129   0.01476  0.004022   0.03007        37       640    0.8193    0.7878    0.8584    0.7447   0.02514   0.06499   0.04724
   278/299      3.8G   0.01109   0.01446  0.004235   0.02979        32       640    0.7942    0.8192    0.8654    0.7533    0.0251   0.06453   0.04716
   279/299      3.8G   0.01105   0.01476  0.003793    0.0296        38       640    0.8215    0.8068    0.8702    0.7567   0.02509    0.0649   0.04771
   280/299      3.8G   0.01103   0.01477  0.003774   0.02958        32       640    0.8366    0.8021    0.8659    0.7526   0.02511   0.06726   0.04716
   281/299      3.8G   0.01118   0.01424  0.003864   0.02928        15       640    0.8031    0.8273    0.8684    0.7528   0.02518   0.06708   0.04708
   282/299      3.8G   0.01114   0.01447  0.003996   0.02961        27       640    0.8183    0.8102    0.8681    0.7533   0.02509   0.06361   0.04753
   283/299      3.8G   0.01125    0.0141  0.004057   0.02941        10       640    0.8242    0.8076    0.8685    0.7535   0.02505   0.06501   0.04799
   284/299      3.8G   0.01107   0.01417  0.003859    0.0291        30       640    0.7971    0.8311    0.8651    0.7499   0.02506   0.06624   0.04783
   285/299      3.8G   0.01119   0.01391  0.003924   0.02902         8       640    0.8097    0.8189    0.8642    0.7523    0.0251   0.06682   0.04749
   286/299      3.8G   0.01121   0.01439   0.00408   0.02968        14       640    0.8023    0.8182    0.8682    0.7562   0.02508   0.06571   0.04735
   287/299      3.8G   0.01107   0.01445   0.00378    0.0293        46       640    0.8094    0.8244    0.8657    0.7552   0.02509   0.06743   0.04759
   288/299      3.8G   0.01107   0.01445   0.00378    0.0293        29       640    0.7972    0.8297    0.8675     0.754   0.02506   0.06542   0.04818
   289/299      3.8G    0.0112   0.01453  0.004026   0.02976        14       640    0.8173    0.8209    0.8648    0.7519   0.02501   0.06676   0.04795
   290/299      3.8G   0.01117   0.01406  0.003919   0.02915        15       640    0.8308    0.8089    0.8718    0.7591   0.02509   0.06848   0.04737
   291/299      3.8G    0.0111   0.01394  0.003955   0.02899        13       640    0.8248    0.8095    0.8661    0.7549   0.02505   0.06671     0.048
   292/299      3.8G   0.01111   0.01405  0.003913   0.02907        23       640    0.8322    0.8039    0.8712    0.7607   0.02505   0.06749   0.04769
   293/299      3.8G   0.01122    0.0142  0.004046   0.02946        44       640    0.8333    0.8006    0.8696    0.7576   0.02502   0.06734   0.04771
   294/299      3.8G   0.01121   0.01509  0.003934   0.03023        29       640    0.8085    0.8157    0.8617    0.7522   0.02506   0.06635   0.04786
   295/299      3.8G   0.01115   0.01403  0.003891   0.02907        15       640    0.8277    0.7881    0.8613    0.7513   0.02505   0.06646   0.04763
   296/299      3.8G   0.01103   0.01383  0.003961   0.02882        18       640    0.8254    0.7854    0.8551    0.7443   0.02508   0.06779   0.04723
   297/299      3.8G   0.01105   0.01438  0.003861   0.02929        30       640    0.7961    0.8111    0.8584    0.7479   0.02502   0.06737   0.04704
   298/299      3.8G   0.01112   0.01397  0.003858   0.02895        18       640    0.8156    0.7941    0.8603    0.7488   0.02496   0.06674   0.04745
   299/299      3.8G   0.01105   0.01455  0.003938   0.02954        20       640    0.7717    0.8385    0.8563    0.7461   0.02498   0.06753    0.0476
