     0/299     3.65G   0.05115    0.5371    0.0856    0.6738        24       640  0.009062    0.2409  0.002895 0.0004656     0.102    0.1496    0.1149
     1/299     3.67G   0.06707   0.03417    0.1068    0.2081        29       640   0.01812    0.4552   0.01136  0.002179    0.0821   0.05027    0.0924
     2/299     3.68G   0.05808   0.03531   0.07135    0.1647        35       640   0.03477    0.3961   0.03407   0.01107   0.07668   0.06212   0.06351
     3/299     3.68G   0.05957   0.03462   0.04255    0.1367        52       640    0.5069     0.325   0.03921     0.014   0.07895    0.1558   0.04882
     4/299     3.68G   0.04858     0.025   0.03317    0.1067        13       640     0.507    0.2434   0.05263   0.02059   0.09985    0.1197   0.05199
     5/299     3.68G    0.0351   0.02246     0.025   0.08255         8       640   0.02661    0.5891   0.05927   0.02377    0.1047    0.1067   0.05457
     6/299     3.68G   0.03148    0.0203   0.02446   0.07624        28       640    0.1761    0.5166    0.0688   0.02584    0.1109   0.09294    0.0524
     7/299     3.68G   0.03276   0.01967   0.02758   0.08002        15       640    0.5602    0.3715   0.09008   0.04946    0.1037   0.08073   0.05109
     8/299     3.68G   0.02641   0.01923   0.02276   0.06841        25       640    0.5536    0.4127   0.09962   0.04233    0.1039   0.06626   0.05001
     9/299     3.68G   0.02533   0.01878   0.02302   0.06713        14       640    0.5095    0.3612    0.1027   0.06163    0.1037   0.06581   0.05163
    10/299     3.68G   0.02503   0.01853   0.02284    0.0664        24       640    0.3946     0.426   0.09183   0.04836    0.1029   0.05909   0.04912
    11/299     3.68G   0.02214    0.0194   0.02265    0.0642        26       640    0.4898    0.3528    0.1156   0.07752   0.09918   0.05973   0.04968
    12/299     3.68G   0.02115   0.01894   0.02276   0.06286        22       640    0.5474    0.4095    0.1042   0.07345    0.0976   0.05404   0.04911
    13/299     3.68G   0.02072   0.01832   0.02252   0.06156        31       640    0.5494    0.4011     0.134   0.08541   0.09883   0.05709   0.04906
    14/299     3.68G   0.01909   0.01864   0.02234   0.06007         7       640    0.5535    0.3425    0.1152   0.07483   0.09951   0.05318   0.04893
    15/299     3.68G   0.02045   0.01871   0.02253   0.06169        27       640    0.5605    0.3591    0.1271   0.08842   0.09836   0.05148    0.0494
    16/299     3.68G   0.01986   0.01841   0.02244   0.06071        18       640    0.5182    0.3768    0.1478   0.09591    0.1003   0.04879   0.04969
    17/299     3.68G   0.01769   0.01804   0.02242   0.05815        19       640    0.5225    0.3572    0.1458    0.1029   0.09692   0.04747   0.04963
    18/299     3.68G   0.01742   0.01798   0.02238   0.05778        28       640    0.5283    0.3588     0.154    0.1132   0.09679   0.04672   0.04965
    19/299     3.68G   0.01728   0.01824   0.02246   0.05798        13       640    0.5985    0.3466    0.1578    0.1152   0.09668   0.04679   0.04905
    20/299     3.68G   0.01689   0.01685   0.02226     0.056        30       640    0.5342    0.3685     0.177    0.1219   0.09821   0.04499   0.04956
    21/299     3.68G    0.0179   0.01719   0.02231    0.0574        23       640    0.4667    0.3869    0.1836    0.1371   0.09665   0.04441   0.04978
    22/299     3.68G   0.01747    0.0174   0.02226   0.05713        22       640    0.4468     0.445    0.1738    0.1165   0.09814   0.04342   0.04951
    23/299     3.68G   0.01733    0.0163    0.0221   0.05574        25       640    0.4504    0.4503    0.1942    0.1327   0.09858   0.04265   0.04938
    24/299     3.68G   0.01521   0.01673   0.02189   0.05384        21       640    0.4637    0.4285    0.1978     0.143   0.09682   0.04319   0.04903
    25/299     3.68G   0.01589   0.01699   0.02155   0.05444        14       640    0.4721    0.4057    0.2086    0.1599    0.0961   0.04386   0.04857
    26/299     3.68G   0.01654   0.01693   0.02135   0.05482        32       640     0.531    0.3803    0.1976    0.1346    0.0976   0.04622   0.04845
    27/299     3.68G   0.01457   0.01691    0.0211   0.05259        30       640    0.4649    0.4284     0.206    0.1461   0.09659   0.04454   0.04868
    28/299     3.68G   0.01528   0.01577   0.02072   0.05178        38       640    0.5196    0.4273    0.2164    0.1527   0.09687   0.04485   0.04831
    29/299     3.68G   0.01597   0.01651   0.02064   0.05312        14       640    0.5206    0.4379    0.2198    0.1507   0.09694   0.04351   0.04807
    30/299     3.68G   0.01639   0.01629   0.02038   0.05306        27       640     0.502    0.4593    0.2174    0.1643   0.09544   0.04259   0.04856
    31/299     3.68G   0.01504   0.01638   0.02001   0.05143        17       640    0.5099    0.4017    0.2145    0.1642   0.09626   0.04314   0.04805
    32/299     3.68G   0.01591   0.01632   0.01999   0.05223         7       640    0.5066    0.4702    0.2048    0.1524   0.09669   0.04337   0.04765
    33/299     3.68G   0.01559   0.01564   0.01954   0.05077        22       640    0.5141    0.4655    0.2175    0.1733   0.09492   0.04198   0.04744
    34/299     3.68G    0.0148   0.01577   0.01911   0.04968        49       640    0.5106    0.4508    0.2133    0.1606   0.09639   0.04398   0.04741
    35/299     3.68G   0.01476    0.0153    0.0189   0.04897        18       640    0.5266    0.4419    0.2274    0.1578   0.09743   0.03982   0.04737
    36/299     3.68G   0.01565   0.01587   0.01865   0.05017        17       640    0.5365    0.4112    0.2174    0.1598   0.09611   0.03984   0.04756
    37/299     3.68G   0.01593   0.01572   0.01847   0.05012        24       640     0.538    0.4311    0.2254    0.1687   0.09594   0.04049   0.04696
    38/299     3.68G    0.0151    0.0155   0.01828   0.04888        15       640    0.5384    0.4202    0.2281     0.175   0.09485   0.03759    0.0482
    39/299     3.68G   0.01371   0.01541   0.01819   0.04731        23       640    0.6182    0.3727     0.239     0.189    0.0951   0.03763   0.04693
    40/299     3.68G   0.01405   0.01564     0.018   0.04769        37       640    0.5436    0.4274    0.2391     0.178   0.09642   0.03967   0.04662
    41/299     3.68G   0.01428   0.01481   0.01799   0.04709        22       640     0.553    0.4666    0.2562    0.1971   0.09499   0.03772   0.04631
    42/299     3.68G   0.01479    0.0153    0.0177   0.04779        39       640    0.5581    0.4469    0.2484    0.1989   0.09483   0.03636   0.04709
    43/299     3.68G   0.01391    0.0156   0.01748   0.04698        30       640     0.568    0.4257    0.2507    0.1911   0.09533   0.03612   0.04621
    44/299     3.68G   0.01412   0.01505   0.01749   0.04666        18       640    0.5546    0.4668    0.2625    0.2098   0.09488   0.03694   0.04631
    45/299     3.68G   0.01378   0.01551   0.01736   0.04665         9       640    0.5659    0.4048    0.2593    0.2099   0.09471   0.03595   0.04601
    46/299     3.68G   0.01329   0.01497   0.01723   0.04549        15       640    0.6407      0.41    0.2699    0.2146    0.0948   0.03481   0.04629
    47/299     3.68G   0.01403   0.01491   0.01728   0.04622         7       640    0.4818     0.412    0.2445    0.1972   0.09472   0.03692   0.04649
    48/299     3.68G   0.01341   0.01523   0.01716    0.0458         7       640    0.5869    0.4114    0.2927    0.2387   0.09469   0.03474   0.04583
    49/299     3.68G   0.01339   0.01459   0.01682    0.0448        10       640    0.6472    0.3982    0.3043    0.2334    0.0954   0.03416   0.04547
    50/299     3.68G   0.01324   0.01524   0.01672    0.0452        29       640    0.5678    0.4348    0.2948    0.2378    0.0947   0.03466   0.04511
    51/299     3.68G   0.01382   0.01441   0.01679   0.04503        19       640    0.4362    0.4757    0.2787    0.2268   0.09513   0.03705   0.04576
    52/299     3.68G   0.01434   0.01531   0.01669   0.04634        17       640    0.3731    0.5457    0.2686    0.2172   0.09523   0.03663   0.04591
    53/299     3.68G   0.01297   0.01426   0.01655   0.04378        26       640     0.542    0.4978    0.3218    0.2574   0.09472   0.03377   0.04532
    54/299     3.68G   0.01334   0.01508   0.01627   0.04468        41       640    0.5372    0.4718    0.2959    0.2368   0.09506   0.03427   0.04603
    55/299     3.68G   0.01282   0.01554    0.0164   0.04477         9       640    0.4737    0.4724    0.3239    0.2647   0.09411   0.03569   0.04433
    56/299     3.68G   0.01267   0.01474   0.01624   0.04365        36       640    0.4109    0.5082    0.3232    0.2598   0.09405   0.03471    0.0444
    57/299     3.68G   0.01297   0.01455   0.01605   0.04357        31       640    0.4195    0.4306    0.3177      0.26   0.09319   0.03572    0.0442
    58/299     3.68G   0.01324   0.01568   0.01635   0.04527        46       640     0.358    0.4318    0.3241    0.2617   0.09311   0.03678   0.04431
    59/299     3.68G    0.0136   0.01595   0.01609   0.04563        42       640     0.503    0.4381    0.3427    0.2774   0.09216   0.03529   0.04363
    60/299     3.68G   0.01383   0.01587     0.016    0.0457        16       640    0.5674    0.5079    0.3326    0.2651    0.0913   0.03494   0.04386
    61/299     3.68G   0.01315   0.01535   0.01616   0.04466        14       640    0.5663    0.4576    0.3424    0.2717    0.0917   0.03593   0.04302
    62/299     3.68G   0.01333   0.01692    0.0157   0.04595        16       640    0.5797    0.4877    0.3649    0.2988   0.09013   0.03598    0.0423
    63/299     3.68G   0.01376   0.01626   0.01586   0.04587        29       640    0.5929    0.4337    0.3459    0.2793   0.08776   0.03769   0.04189
    64/299     3.68G   0.01464   0.01741   0.01601   0.04806        27       640    0.5972    0.4301    0.3475    0.2734   0.08355    0.0353   0.04235
    65/299     3.68G   0.01417   0.01694   0.01536   0.04647        12       640    0.6208    0.4354    0.3711     0.295   0.08257   0.03552   0.04081
    66/299     3.68G    0.0138    0.0176   0.01539   0.04679        31       640    0.6122    0.4354    0.3747    0.2906   0.08018   0.03529   0.04019
    67/299     3.68G   0.01381   0.01813   0.01519   0.04713         8       640    0.5823    0.4316    0.3714    0.2908    0.0801   0.03794   0.04008
    68/299     3.68G   0.01419    0.0172     0.015   0.04639        35       640    0.5895    0.4363    0.3675    0.2952   0.08005   0.04024   0.04043
    69/299     3.68G   0.01342   0.01814   0.01505   0.04661        28       640     0.597    0.4553    0.3957    0.3164   0.07786   0.03656   0.03951
    70/299     3.68G   0.01366   0.01723   0.01468   0.04557        18       640    0.5593    0.5492    0.3941     0.307   0.07728   0.03677   0.03984
    71/299     3.68G   0.01422   0.01809   0.01468   0.04699        15       640    0.5761    0.4694    0.3991     0.321    0.0766   0.03477   0.03955
    72/299     3.68G   0.01255   0.01762   0.01467   0.04484        17       640    0.5882    0.5162     0.431    0.3463   0.07649   0.03711   0.03864
    73/299     3.68G   0.01237   0.01792   0.01413   0.04441        27       640    0.5541    0.5066    0.4259    0.3445   0.07644   0.03723   0.03853
    74/299     3.69G   0.01276   0.01817   0.01393   0.04486        63       640    0.5988    0.5001    0.4195    0.3348   0.07449   0.03341    0.0403
    75/299     3.69G   0.01334   0.01775   0.01394   0.04503        27       640    0.4627    0.5019     0.421    0.3363   0.07435   0.03512    0.0384
    76/299     3.69G   0.01299   0.01818   0.01401   0.04518        12       640    0.5418    0.5183    0.4604    0.3625   0.07457   0.03662   0.03806
    77/299     3.69G   0.01267   0.01889   0.01368   0.04525        11       640    0.5457     0.502    0.4657    0.3661   0.07425   0.03689   0.03795
    78/299     3.69G   0.01331    0.0183   0.01364   0.04525        13       640    0.5984    0.5305    0.4437    0.3549   0.07419   0.03682    0.0384
    79/299     3.69G   0.01273   0.01833   0.01355   0.04461         8       640    0.3945    0.6375    0.4732    0.3806   0.07386   0.03702   0.03761
    80/299     3.69G   0.01253   0.01801   0.01309   0.04362        25       640    0.5276    0.5335    0.4825     0.396   0.07355   0.03796   0.03742
    81/299     3.69G   0.01182    0.0187    0.0131   0.04363        19       640    0.4617    0.6264    0.5076    0.4182   0.07295   0.03689   0.03721
    82/299     3.69G   0.01163   0.01792   0.01247   0.04202        36       640    0.5233       0.6    0.4976    0.4001   0.07293   0.03569   0.03777
    83/299     3.69G   0.01224   0.01786   0.01263   0.04273        19       640     0.471    0.5664    0.4833    0.3891   0.07355   0.04202   0.03817
    84/299     3.69G   0.01245   0.01812   0.01267   0.04324        13       640    0.5149    0.5766    0.5372    0.4417   0.07262   0.03677   0.03715
    85/299     3.69G   0.01184   0.01863   0.01213    0.0426        45       640    0.5031    0.6259    0.5396    0.4418   0.07212   0.03778   0.03682
    86/299     3.69G   0.01167   0.01845   0.01219   0.04231        27       640    0.3768    0.6351    0.5313    0.4333   0.07226   0.03593   0.03695
    87/299     3.69G   0.01195   0.01937   0.01229    0.0436        36       640    0.4805    0.5968    0.5533    0.4587   0.07177   0.03491   0.03652
    88/299     3.69G   0.01217   0.01882   0.01211    0.0431        26       640    0.4936    0.6294    0.5508    0.4468   0.07181   0.03308   0.03712
    89/299     3.69G   0.01265   0.01788   0.01199   0.04252        15       640    0.5222    0.5959     0.527    0.4313   0.07235   0.03744   0.03711
    90/299     3.69G   0.01176   0.01792   0.01197   0.04165        37       640    0.4268    0.6144    0.5498    0.4551   0.07202   0.03688   0.03672
    91/299     3.69G   0.01242   0.01822   0.01149   0.04214        22       640    0.4944    0.6407     0.552    0.4508   0.07237   0.03614   0.03641
    92/299     3.69G   0.01127   0.01828    0.0112   0.04075        18       640    0.5119    0.6386     0.568    0.4695    0.0714   0.03506   0.03603
    93/299     3.69G    0.0111   0.01843   0.01146   0.04098         8       640    0.4662    0.7337    0.5752    0.4759   0.07093   0.03382   0.03582
    94/299     3.69G   0.01205   0.01783   0.01096   0.04083        25       640    0.5428    0.6269    0.5762     0.469   0.07118   0.03159   0.03592
    95/299     3.69G   0.01221   0.01774   0.01134   0.04129        14       640    0.5157    0.6889    0.5767    0.4782   0.07137    0.0329   0.03611
    96/299     3.69G   0.01145    0.0185   0.01112   0.04107        23       640     0.523    0.6725     0.574    0.4728   0.07112   0.03306   0.03571
    97/299     3.69G   0.01184   0.01775   0.01085   0.04044        14       640    0.5998    0.5773    0.5839    0.4844   0.07113   0.03337   0.03541
    98/299     3.69G   0.01079   0.01794   0.01086   0.03959        20       640    0.5178    0.6419    0.5969    0.4964   0.07073   0.03238   0.03517
    99/299     3.69G   0.01087   0.01814   0.01044   0.03945        27       640    0.5528    0.6946    0.6021    0.5011   0.07077   0.03207   0.03529
   100/299     3.69G   0.01122   0.01854   0.01071   0.04047        12       640    0.5175    0.7167    0.5961    0.4962   0.07066   0.03128    0.0351
   101/299     3.69G   0.01187   0.01914   0.01036   0.04137        36       640    0.4517    0.7626    0.5919    0.4813   0.07087   0.03165   0.03475
   102/299     3.69G   0.01125   0.01876   0.01039   0.04041        16       640    0.5295    0.7349    0.6064    0.5069   0.07026   0.03087   0.03468
   103/299     3.69G   0.01126   0.01767   0.01031   0.03924        15       640     0.476    0.8138    0.5967    0.4931   0.07029   0.03132   0.03496
   104/299     3.69G   0.01099   0.01841    0.0102    0.0396        19       640    0.5191    0.7569    0.6076    0.5025   0.06989   0.03166   0.03457
   105/299     3.69G   0.01089   0.01848   0.01012   0.03949        18       640    0.5531    0.6875     0.601    0.5013   0.06999    0.0325   0.03452
   106/299     3.69G    0.0115   0.01808   0.01013    0.0397        45       640    0.5366     0.788    0.6245    0.5221   0.06996   0.03236   0.03426
   107/299     3.69G   0.01125   0.01843   0.01001   0.03968        24       640    0.5997    0.6769    0.6099    0.5116   0.06969   0.03149   0.03426
   108/299     3.69G   0.01089   0.01817  0.009619   0.03868        39       640    0.5707    0.7207    0.6225    0.5231   0.06966    0.0322   0.03403
   109/299     3.69G    0.0105   0.01812  0.009667   0.03828        12       640     0.526    0.7498    0.6149    0.5159   0.06942   0.03102   0.03405
   110/299     3.69G   0.01077   0.01816  0.009915   0.03885         8       640    0.5542    0.7354    0.6268    0.5269    0.0698   0.03066   0.03453
   111/299     3.69G   0.01053   0.01786  0.009886   0.03828        11       640    0.4868    0.7922    0.6085    0.5086   0.06988   0.03149   0.03449
   112/299     3.69G   0.01165   0.01823  0.009397   0.03928        36       640    0.5325    0.7342    0.6207    0.5213   0.06958   0.03228   0.03381
   113/299     3.69G   0.01088   0.01828  0.009452   0.03861        40       640    0.5596     0.731    0.6271    0.5296   0.06948   0.03255   0.03399
   114/299     3.69G    0.0102   0.01769  0.009413    0.0373        17       640    0.6335    0.7039    0.6274    0.5288   0.06912   0.03219   0.03392
   115/299     3.69G   0.01046   0.01824  0.009305   0.03801        32       640    0.5365     0.751    0.6229    0.5231    0.0693   0.03229   0.03402
   116/299     3.69G    0.0111   0.01812  0.009316   0.03854        41       640    0.5872     0.727     0.633     0.532   0.06905   0.03224   0.03369
   117/299     3.69G   0.01133   0.01834  0.009439   0.03911        32       640    0.5922    0.7367    0.6306    0.5257   0.06826   0.03224   0.03417
   118/299     3.69G   0.01087   0.01777  0.009092   0.03773        24       640    0.6329    0.7029    0.6315    0.5323   0.06703   0.03174   0.03465
   119/299     3.69G   0.01072   0.01763  0.008993   0.03734        26       640      0.46    0.8565    0.6426    0.5395   0.06678   0.03262   0.03448
   120/299     3.69G   0.01086   0.01726  0.008962   0.03708        28       640    0.4705    0.8582    0.6465    0.5462   0.06671   0.03325   0.03465
   121/299     3.69G   0.01098   0.01852  0.008865   0.03837        20       640    0.4734    0.8586    0.6501    0.5499   0.06628   0.03345   0.03491
   122/299     3.69G   0.01083   0.01776  0.008947   0.03754        16       640    0.5219    0.7599    0.6342    0.5349   0.06645   0.03386   0.03458
   123/299     3.69G    0.0106   0.01901   0.00882   0.03843        37       640    0.5095    0.8076     0.652    0.5526   0.06654   0.03365   0.03441
   124/299     3.69G   0.01022    0.0181  0.008781    0.0371        29       640    0.5429    0.7805    0.6682     0.568   0.06632   0.03398   0.03458
   125/299     3.69G  0.009955   0.01793   0.00858   0.03646        27       640    0.5505    0.7729    0.6575    0.5559   0.06615   0.03264   0.03442
   126/299     3.69G   0.01015   0.01816  0.008616   0.03692        21       640    0.5336    0.7381    0.6725    0.5708   0.06621   0.03323    0.0344
   127/299     3.69G   0.01057   0.01764  0.008566   0.03677        64       640    0.5629    0.7324    0.6621    0.5613   0.06604   0.03397   0.03478
   128/299     3.69G  0.009967   0.01743  0.008752   0.03615        21       640    0.6767    0.6671    0.6599    0.5584   0.06544   0.03324   0.03479
   129/299     3.69G   0.01004   0.01852  0.008455   0.03702        28       640    0.5668    0.7245    0.6701    0.5671   0.06606   0.03431   0.03452
   130/299     3.69G   0.00993   0.01835  0.008348   0.03663        48       640    0.5133    0.8111     0.663    0.5605   0.06568   0.03301   0.03437
   131/299     3.69G   0.01006   0.01782  0.008286   0.03617        13       640    0.5046    0.8627    0.6778    0.5759    0.0657   0.03462    0.0343
   132/299     3.69G  0.009929   0.01775  0.008265   0.03594        24       640    0.4913    0.8591    0.6723     0.567   0.06522   0.03344   0.03434
   133/299     3.69G   0.01075   0.01846  0.008232   0.03744        47       640    0.5389    0.7633    0.6671    0.5653   0.06542   0.03423   0.03442
   134/299     3.69G    0.0102   0.01781  0.008068   0.03607        14       640    0.5004     0.802    0.6734    0.5717   0.06495   0.03301   0.03437
   135/299     3.69G  0.009857   0.01848  0.008222   0.03656        12       640    0.5377     0.773    0.6882    0.5863   0.06519   0.03419   0.03437
   136/299     3.69G  0.009771   0.01723    0.0081    0.0351        12       640    0.4826    0.8115    0.6743    0.5755   0.06512   0.03464   0.03471
   137/299     3.69G   0.01018   0.01861  0.008026   0.03681         8       640    0.5223    0.7843    0.6776    0.5759   0.06493   0.03313   0.03419
   138/299     3.69G   0.01012    0.0171  0.007893   0.03511        13       640    0.5171    0.7774     0.675    0.5723    0.0648   0.03412   0.03438
   139/299     3.69G  0.009757   0.01719   0.00785    0.0348        29       640    0.5284    0.7891    0.6913     0.588   0.06466   0.03455   0.03445
   140/299     3.69G  0.009988   0.01776  0.007652    0.0354        24       640    0.4999    0.8588    0.6908    0.5867   0.06493   0.03544    0.0346
   141/299     3.69G  0.009182   0.01685  0.007877   0.03391        20       640    0.5152    0.8479    0.6856    0.5846   0.06467   0.03402   0.03441
   142/299     3.69G  0.009495   0.01771  0.007681   0.03489        28       640    0.6374    0.7516       0.7    0.5934    0.0643   0.03396   0.03431
   143/299     3.69G  0.009462   0.01747  0.007574   0.03451        39       640    0.5889    0.7641    0.7051     0.604   0.06439   0.03474   0.03451
   144/299     3.69G  0.009923   0.01819  0.007779   0.03589        16       640    0.5858    0.7497    0.6991    0.5993   0.06429   0.03355    0.0345
   145/299     3.69G  0.009836   0.01787   0.00764   0.03535        35       640    0.5564    0.7835    0.6894    0.5851   0.06406   0.03332   0.03421
   146/299     3.69G  0.009544   0.01773  0.007284   0.03456        14       640    0.5256     0.836    0.6949    0.5899    0.0643   0.03525   0.03466
   147/299     3.69G  0.009573    0.0174  0.007607   0.03459        37       640    0.6444    0.7594    0.7187    0.6104   0.06416   0.03443   0.03449
   148/299     3.69G  0.009826   0.01734  0.007178   0.03434        10       640    0.6585    0.7269    0.7018    0.5956   0.06405   0.03528   0.03452
   149/299     3.69G  0.009487   0.01728  0.007431    0.0342        38       640    0.5316    0.8217    0.7079    0.6045   0.06413   0.03376   0.03445
   150/299     3.69G  0.009618   0.01788  0.007296   0.03479        21       640    0.7033    0.6972    0.7284    0.6215   0.06395   0.03415   0.03452
   151/299     3.69G  0.009638    0.0181  0.007289   0.03503        28       640    0.6968    0.7091    0.7232    0.6183   0.06364   0.03486   0.03476
   152/299     3.69G  0.009207   0.01694  0.007384   0.03353         9       640    0.6465    0.7379    0.7091    0.6058   0.06389   0.03431   0.03439
   153/299     3.69G  0.009457   0.01705  0.007389    0.0339        40       640    0.7079    0.6946     0.725    0.6192   0.06407   0.03349    0.0346
   154/299     3.69G  0.009328   0.01744  0.007178   0.03395        20       640    0.6633    0.7395     0.734    0.6262   0.06395   0.03373   0.03444
   155/299     3.69G  0.009531   0.01752  0.007243    0.0343        16       640    0.6942     0.714    0.7316    0.6242   0.06407   0.03375   0.03429
   156/299     3.69G  0.008918   0.01704  0.007127   0.03309        21       640     0.576    0.8052    0.7194    0.6142   0.06372   0.03416   0.03475
   157/299     3.69G  0.008758    0.0169  0.006967   0.03262        10       640    0.7158    0.6989    0.7256    0.6234   0.06392   0.03434   0.03477
   158/299     3.69G  0.008976   0.01726   0.00702   0.03325        24       640    0.6902    0.7084    0.7239    0.6186   0.06391   0.03399   0.03452
   159/299     3.69G  0.008852   0.01711  0.006807   0.03277        22       640    0.6806    0.7298    0.7168    0.6133   0.06395   0.03361   0.03465
   160/299     3.69G  0.009183   0.01693  0.007088    0.0332        18       640    0.6858     0.734    0.7273    0.6201   0.06389   0.03514   0.03454
   161/299     3.69G  0.009575   0.01682  0.007031   0.03343        37       640    0.7059    0.7178    0.7426    0.6339   0.06378    0.0344   0.03449
   162/299     3.69G   0.00871   0.01686  0.006891   0.03246        23       640    0.6771    0.7377    0.7286     0.623   0.06376   0.03445    0.0344
   163/299     3.69G  0.009214   0.01695  0.006584   0.03275        17       640    0.6733    0.7479    0.7401     0.633   0.06363   0.03423   0.03426
   164/299     3.69G  0.009096   0.01703  0.006783   0.03291        40       640    0.6747      0.76    0.7371    0.6343   0.06361   0.03458   0.03432
   165/299     3.69G  0.008878   0.01684  0.006719   0.03244        41       640     0.716    0.7349    0.7544    0.6461   0.06361    0.0343    0.0344
   166/299     3.69G  0.009261   0.01674  0.006638   0.03263         9       640    0.6681    0.7559    0.7417    0.6312   0.06369   0.03555    0.0346
   167/299     3.69G  0.008631   0.01665  0.006599   0.03189        11       640    0.7192    0.7363    0.7607    0.6499   0.06359   0.03448   0.03425
   168/299     3.69G  0.008649   0.01681  0.006637    0.0321        17       640    0.6343    0.8021    0.7572    0.6508   0.06389   0.03473   0.03416
   169/299     3.69G  0.009077   0.01741  0.006501   0.03299        15       640    0.6867    0.7616    0.7373    0.6303   0.06339   0.03516   0.03443
   170/299     3.69G  0.009391   0.01603  0.006701   0.03212        30       640    0.6877    0.7563    0.7614    0.6522   0.06298   0.03443   0.03389
   171/299     3.69G  0.008907   0.01657   0.00639   0.03187        49       640    0.7018    0.7357    0.7397    0.6345   0.06276   0.03536   0.03433
   172/299     3.69G  0.008792   0.01676  0.006674   0.03223        55       640    0.7088    0.7461    0.7644    0.6585    0.0628   0.03445   0.03419
   173/299     3.69G  0.009776   0.01685  0.006645   0.03327        18       640    0.6866    0.7764    0.7647    0.6552   0.06096   0.03544   0.03481
   174/299     3.69G     0.011   0.01688  0.006845   0.03473        24       640    0.6937     0.778    0.7646    0.6548   0.05968    0.0364   0.03501
   175/299     3.69G   0.01068   0.01658  0.006804   0.03407        39       640     0.711    0.7359    0.7577    0.6493   0.05963    0.0364   0.03522
   176/299     3.69G   0.01016   0.01708  0.006648   0.03389        35       640    0.7173    0.7479    0.7654    0.6592   0.05959   0.03679   0.03478
   177/299     3.69G   0.01229   0.01618  0.007404   0.03587        24       640    0.7582    0.6924    0.7536    0.6475   0.05972    0.0367   0.03451
   178/299     3.69G  0.009291   0.01615   0.00649   0.03194        19       640    0.6386    0.8056    0.7612    0.6539      0.06   0.03707   0.03436
   179/299     3.69G   0.01136   0.01616  0.007061   0.03458        52       640    0.7197     0.756    0.7592    0.6523   0.06015     0.035   0.03421
   180/299     3.69G   0.01185   0.01666  0.007435   0.03595        30       640    0.7231    0.7551     0.774    0.6642   0.06009   0.03561   0.03365
   181/299     3.69G  0.009969   0.01627  0.006731   0.03297         5       640    0.7429    0.7391    0.7855    0.6772    0.0599   0.03524    0.0331
   182/299     3.69G   0.01047   0.01586   0.00649   0.03283        13       640    0.7186    0.7352      0.78    0.6701   0.06012    0.0349   0.03253
   183/299     3.69G   0.01139   0.01597  0.007043    0.0344        23       640    0.7036    0.7762     0.778    0.6685   0.06003   0.03558   0.03269
   184/299     3.69G   0.01149   0.01617  0.006752   0.03442        50       640    0.7312    0.7364    0.7805    0.6713   0.06002   0.03528   0.03231
   185/299     3.69G   0.01084   0.01667  0.006252   0.03376        32       640    0.7322    0.7425    0.7771    0.6681   0.06008    0.0361   0.03181
   186/299     3.69G   0.01068   0.01687  0.006487   0.03404        12       640    0.6758    0.7628    0.7874     0.677    0.0597   0.03525   0.03141
   187/299     3.69G   0.01102   0.01577  0.006501   0.03329         8       640    0.7301    0.7498    0.7834    0.6751   0.05875   0.03682   0.03131
   188/299     3.69G    0.0103    0.0159  0.006333   0.03253        22       640    0.6702    0.7826    0.7848    0.6775   0.05792   0.03825   0.03152
   189/299     3.69G   0.01235   0.01634  0.006951   0.03563        21       640    0.7425    0.7426    0.7894    0.6794   0.05758   0.03712   0.03146
   190/299     3.69G   0.01286   0.01631  0.006981   0.03615        36       640     0.735     0.754    0.7863     0.679   0.05753   0.03648   0.03133
   191/299     3.69G   0.01431    0.0167  0.007117   0.03813        14       640    0.7006    0.7777    0.7878    0.6811   0.05751   0.03815   0.03159
   192/299     3.69G   0.01186   0.01624  0.006662   0.03476        40       640    0.7043    0.7693    0.7889    0.6825   0.05751   0.03724     0.031
   193/299     3.69G   0.01197   0.01597  0.006497   0.03444        10       640    0.7387    0.7542    0.7908    0.6829   0.05748   0.03774   0.03135
   194/299     3.69G    0.0122   0.01663  0.006608   0.03544         6       640    0.7504    0.7704    0.7845    0.6755   0.05741   0.03712   0.03161
   195/299     3.69G   0.01092   0.01602    0.0062   0.03314        39       640    0.7515    0.7586    0.7969    0.6884   0.05745   0.03747   0.03153
   196/299     3.69G    0.0107   0.01615  0.006356   0.03321        12       640    0.7538    0.7701    0.7948    0.6835   0.05745   0.03741   0.03161
   197/299     3.69G   0.01224   0.01555   0.00647   0.03426        29       640    0.7228    0.7651    0.7911     0.682   0.05741   0.03761   0.03146
   198/299     3.69G   0.01289   0.01565  0.006624   0.03516        33       640    0.7549    0.7692    0.8032    0.6944   0.05741   0.03769   0.03131
   199/299     3.69G   0.01144   0.01578  0.006316   0.03353         6       640    0.7469    0.7685    0.7895    0.6842   0.05738   0.03873   0.03186
   200/299     3.69G   0.01355   0.01537  0.006855   0.03577        24       640    0.6655    0.8333    0.7922    0.6814   0.05737   0.03731   0.03125
   201/299     3.69G   0.01201   0.01555  0.006306   0.03387        55       640     0.723    0.7946    0.7957    0.6868   0.05737   0.03831   0.03142
   202/299     3.69G   0.01142   0.01587  0.006156   0.03344        25       640     0.741    0.7811    0.7905    0.6815    0.0574    0.0379   0.03154
   203/299     3.69G   0.01246    0.0153  0.006582   0.03434        17       640    0.7478    0.7685    0.7956    0.6869   0.05737   0.03783   0.03129
   204/299     3.69G   0.01171   0.01565  0.006157   0.03352        26       640    0.7423    0.7816     0.789    0.6794   0.05736   0.03848   0.03153
   205/299     3.69G   0.01117   0.01567    0.0058   0.03264        50       640    0.7285    0.8042     0.805    0.6932   0.05737   0.03857   0.03145
   206/299     3.69G   0.01217   0.01539   0.00633   0.03389        16       640    0.7215    0.7955    0.7962     0.689   0.05729   0.03702   0.03128
   207/299     3.69G   0.01182   0.01615  0.006257   0.03424        29       640     0.762    0.7756    0.8062    0.6968    0.0573   0.03812   0.03142
   208/299     3.69G   0.01326    0.0153  0.006743    0.0353        24       640    0.7945    0.7295    0.8087    0.6996   0.05735   0.03848   0.03111
   209/299     3.69G   0.01236   0.01497  0.006338   0.03366        24       640     0.777    0.7519    0.8057    0.6982   0.05737   0.03873   0.03108
   210/299     3.69G   0.01104   0.01568  0.005687   0.03241        35       640    0.7536    0.7841    0.8042    0.6953   0.05732   0.03911   0.03098
   211/299     3.69G   0.01059    0.0153  0.005968   0.03186        10       640    0.7668     0.768    0.8047    0.6961    0.0573   0.04016   0.03156
   212/299     3.69G   0.01208   0.01548  0.005919   0.03349        37       640    0.7837    0.7473    0.8087    0.7009   0.05724    0.0385    0.0313
   213/299     3.69G   0.01359   0.01606  0.006311   0.03595        23       640    0.7502    0.7761    0.8054    0.6964   0.05727   0.03912   0.03152
   214/299     3.69G   0.01087   0.01492  0.005658   0.03145        10       640    0.8214    0.7304    0.8132    0.7049   0.05727   0.03889   0.03134
   215/299     3.69G   0.01104   0.01493  0.005773   0.03174        23       640    0.7956    0.7532    0.8133    0.7037   0.05728   0.03896    0.0311
   216/299     3.69G   0.01308   0.01532  0.006014   0.03441        26       640    0.7892    0.7319    0.8086    0.6994   0.05733   0.03978   0.03143
   217/299     3.69G   0.01334   0.01428  0.006171   0.03379        10       640    0.7924    0.7226    0.8005    0.6908    0.0573   0.03989   0.03128
   218/299     3.69G   0.01278   0.01504  0.006076    0.0339        38       640    0.7762    0.7522    0.8114    0.7005   0.05723    0.0394   0.03133
   219/299     3.69G   0.01272    0.0154  0.005938   0.03406        10       640    0.6422    0.8698    0.8071    0.6998   0.05724    0.0398   0.03109
   220/299     3.69G   0.01218   0.01535  0.005744   0.03327        10       640    0.7315    0.7722    0.8089    0.6994   0.05727    0.0402   0.03143
   221/299     3.69G   0.01242   0.01484  0.005738     0.033        38       640    0.6771    0.8384    0.8091     0.701   0.05722   0.04007   0.03134
   222/299     3.69G   0.01128   0.01497  0.005567   0.03182        44       640    0.6953    0.7967    0.8022    0.6943   0.05722   0.03994   0.03171
   223/299     3.69G   0.01088   0.01496    0.0053   0.03115        21       640    0.7235    0.7733    0.8095    0.7025   0.05723   0.04056   0.03146
   224/299     3.69G   0.01076   0.01454  0.005548   0.03085        22       640    0.7791    0.7509    0.8094    0.7005    0.0572    0.0398   0.03153
   225/299     3.69G   0.01019   0.01501   0.00513   0.03033        12       640    0.7882    0.7458    0.8131    0.7038   0.05721   0.03995   0.03131
   226/299     3.69G   0.01117   0.01513  0.005736   0.03203        21       640    0.7793    0.7519    0.8102    0.7034   0.05718   0.04047   0.03148
   227/299     3.69G   0.01139   0.01551  0.005368   0.03226        44       640    0.7249    0.7911    0.8191    0.7107   0.05718   0.03987   0.03112
   228/299     3.69G   0.01382   0.01522  0.005899   0.03494        20       640    0.7234      0.79    0.8145    0.7068   0.05717   0.04019   0.03136
   229/299     3.69G   0.01044   0.01465   0.00527   0.03035        22       640    0.6724    0.8235    0.8085     0.701   0.05715    0.0411   0.03164
   230/299     3.69G   0.01079   0.01421  0.005386   0.03039        30       640     0.798    0.7536    0.8145     0.707   0.05719   0.04066   0.03139
   231/299     3.69G   0.01222   0.01512   0.00563   0.03297        39       640    0.7893    0.7501    0.8164    0.7082   0.05713   0.04047   0.03122
   232/299     3.69G   0.01239   0.01477  0.005661   0.03282        17       640    0.6909    0.8044    0.8122    0.7021   0.05721   0.04137   0.03115
   233/299     3.69G   0.01215   0.01464  0.005565   0.03236        18       640    0.7432    0.7867    0.8139    0.7044   0.05717   0.04126   0.03147
   234/299     3.69G   0.01237   0.01457  0.005558    0.0325        11       640    0.7884    0.7589    0.8181    0.7083    0.0572   0.04232   0.03153
   235/299     3.69G   0.01107     0.015  0.005318   0.03138        18       640      0.67    0.8483    0.8197    0.7113   0.05713   0.04034   0.03131
   236/299     3.69G   0.01344   0.01457  0.005575   0.03358         9       640    0.6895    0.8245    0.8159    0.7073   0.05717   0.04158   0.03162
   237/299     3.69G   0.01217    0.0144  0.005639   0.03221        12       640    0.7353     0.764    0.8184    0.7104   0.05713   0.04089   0.03148
   238/299     3.69G   0.01288   0.01417  0.005594   0.03264        24       640    0.7317     0.776    0.8209    0.7116   0.05714   0.04106   0.03142
   239/299     3.69G   0.01312   0.01422  0.005433   0.03277        25       640    0.7246    0.7879     0.819    0.7122   0.05714   0.04099   0.03142
   240/299     3.69G   0.01157   0.01463  0.005087   0.03129        39       640    0.7128    0.7901    0.8139    0.7051   0.05714   0.04181   0.03148
   241/299     3.69G   0.01123   0.01464  0.005079   0.03095        19       640    0.7328    0.7909    0.8149    0.7055   0.05714   0.04189   0.03143
   242/299     3.69G   0.01211   0.01411  0.005403   0.03163        18       640    0.7984    0.7546    0.8229     0.712   0.05713   0.04113    0.0312
   243/299     3.69G   0.01243   0.01476  0.005474   0.03267        15       640    0.8023    0.7602    0.8187    0.7091   0.05716   0.04163   0.03118
   244/299     3.69G   0.01369   0.01433   0.00576   0.03379        34       640    0.8175    0.7434    0.8205    0.7099   0.05715    0.0416   0.03114
   245/299     3.69G   0.01136   0.01373  0.005008    0.0301        36       640     0.733    0.7987    0.8228    0.7106   0.05711   0.04185    0.0311
   246/299     3.69G   0.01342   0.01407  0.005577   0.03307        64       640    0.6983    0.8233    0.8239    0.7147   0.05713   0.04314   0.03137
   247/299     3.69G   0.01234   0.01414  0.005161   0.03164        15       640    0.7914    0.7631    0.8212    0.7116   0.05713   0.04231   0.03127
   248/299     3.69G   0.01084    0.0143   0.00511   0.03024        42       640    0.7453     0.779    0.8271    0.7173    0.0571   0.04197   0.03118
   249/299     3.69G   0.01081   0.01421  0.004921   0.02994        12       640    0.8073    0.7386    0.8261    0.7183   0.05709   0.04224   0.03115
   250/299     3.69G   0.01107   0.01432  0.004944   0.03034        30       640    0.7836    0.7706    0.8284    0.7187   0.05709   0.04219   0.03105
   251/299     3.69G   0.01079    0.0143  0.004949   0.03004        35       640    0.7212    0.7957     0.827    0.7172   0.05709   0.04226    0.0311
   252/299     3.69G   0.01093   0.01388  0.005103   0.02992        16       640    0.8203     0.739    0.8264    0.7186   0.05708   0.04246   0.03105
   253/299     3.69G   0.01099   0.01385  0.004938   0.02978        21       640    0.7498    0.7836    0.8234    0.7156   0.05708   0.04326   0.03128
   254/299     3.69G   0.01334   0.01448  0.005324   0.03314        61       640    0.6847    0.8433    0.8296    0.7215   0.05708     0.043   0.03106
   255/299     3.69G   0.01099   0.01351  0.004939   0.02944        12       640    0.7349    0.7882    0.8273    0.7181   0.05712    0.0429   0.03117
   256/299     3.69G   0.01222   0.01415   0.00494   0.03131        35       640    0.7197    0.8005    0.8259    0.7193    0.0571   0.04243   0.03104
   257/299     3.69G    0.0133   0.01382  0.005255   0.03237        32       640    0.6951    0.8206    0.8228    0.7142    0.0571   0.04299   0.03104
   258/299     3.69G   0.01182   0.01372  0.005019   0.03056        28       640     0.664    0.8544     0.826    0.7184   0.05707   0.04246   0.03111
   259/299     3.69G   0.01101   0.01395  0.004724   0.02968        31       640    0.6898    0.8508    0.8252    0.7178   0.05707   0.04343   0.03125
   260/299     3.69G   0.01022   0.01379  0.004697    0.0287        21       640    0.7326    0.7949    0.8276    0.7198   0.05707    0.0432   0.03148
   261/299     3.69G   0.01146   0.01363   0.00471    0.0298        24       640    0.8244    0.7494    0.8326     0.724   0.05706   0.04355    0.0314
   262/299     3.69G   0.01034   0.01372  0.004562   0.02862        12       640    0.8343    0.7326    0.8294    0.7218   0.05708   0.04312   0.03102
   263/299     3.69G   0.01331   0.01407  0.005229   0.03261        28       640     0.802    0.7522    0.8306    0.7221    0.0571   0.04376   0.03121
   264/299     3.69G   0.01124   0.01388  0.004594   0.02972        20       640    0.6845     0.851    0.8274    0.7216   0.05704   0.04378   0.03119
   265/299     3.69G   0.01114   0.01388  0.004586    0.0296        17       640    0.8324    0.7228    0.8257     0.718   0.05706   0.04309   0.03136
   266/299     3.69G   0.01275   0.01393  0.004895   0.03157        26       640    0.8537    0.7145      0.83    0.7235   0.05704   0.04361   0.03144
   267/299     3.69G   0.01312   0.01327  0.005047   0.03144        17       640    0.7912    0.7744      0.83    0.7214   0.05705    0.0441   0.03132
   268/299     3.69G   0.01072   0.01368  0.004687   0.02909        24       640    0.7031    0.8262    0.8325    0.7241   0.05706   0.04414    0.0312
   269/299     3.69G   0.01398   0.01371  0.005209    0.0329        27       640    0.6842    0.8599    0.8325    0.7238   0.05707   0.04396   0.03127
   270/299     3.69G   0.01151   0.01402  0.004755   0.03029        26       640    0.7114    0.8243    0.8314    0.7246   0.05705   0.04436   0.03128
   271/299     3.69G   0.01117    0.0136  0.004742   0.02951        23       640    0.8108    0.7551    0.8336    0.7253   0.05703   0.04428   0.03118
   272/299     3.69G   0.01291   0.01374  0.005087   0.03174        20       640    0.8108    0.7547    0.8328    0.7238   0.05705    0.0442   0.03121
   273/299     3.69G   0.01282   0.01384  0.005033   0.03169        13       640    0.7073    0.8161    0.8326    0.7235   0.05706   0.04424   0.03123
   274/299     3.69G   0.01116   0.01329  0.004585   0.02903        23       640    0.7437    0.7955    0.8342    0.7244   0.05704    0.0439   0.03117
   275/299     3.69G   0.01037   0.01357   0.00442   0.02836        23       640    0.7368    0.8029    0.8324    0.7224   0.05707   0.04479   0.03137
   276/299     3.69G   0.01106   0.01341  0.004531     0.029        15       640    0.6808    0.8555    0.8337    0.7237   0.05705   0.04457   0.03128
   277/299     3.69G   0.01124   0.01361  0.004682   0.02953        37       640    0.8263    0.7524    0.8342    0.7251   0.05708   0.04466   0.03136
   278/299     3.69G   0.01137   0.01329  0.004673   0.02933        32       640    0.8172    0.7369    0.8358    0.7272   0.05704   0.04421   0.03137
   279/299     3.69G   0.01078   0.01367  0.004441   0.02889        38       640    0.8145     0.746    0.8316    0.7234   0.05706   0.04419   0.03144
   280/299     3.69G   0.01182   0.01362  0.004525   0.02996        32       640    0.7153    0.7947    0.8248    0.7176   0.05704   0.04444    0.0315
   281/299     3.69G   0.01164   0.01315  0.004641   0.02943        15       640    0.6803    0.8407    0.8273    0.7192   0.05701    0.0447   0.03138
   282/299     3.69G   0.01059   0.01328  0.004419   0.02829        27       640      0.67    0.8725    0.8256    0.7191   0.05702   0.04454   0.03126
   283/299     3.69G   0.01113   0.01318  0.004496    0.0288        10       640    0.8227    0.7381    0.8285    0.7212   0.05706    0.0454   0.03131
   284/299     3.69G   0.01077   0.01292  0.004247   0.02794        30       640    0.8039    0.7463    0.8336    0.7271   0.05703   0.04581   0.03157
   285/299     3.69G   0.01096   0.01293  0.004408    0.0283         8       640    0.7232     0.792    0.8334    0.7265   0.05703    0.0455   0.03164
   286/299     3.69G   0.01251    0.0132  0.004655   0.03036        14       640    0.8339    0.7355    0.8336    0.7253   0.05703   0.04506   0.03133
   287/299     3.69G    0.0111   0.01352  0.004361   0.02898        46       640    0.8349     0.738    0.8346    0.7275   0.05701   0.04579   0.03143
   288/299     3.69G  0.009704    0.0133  0.004039   0.02704        29       640    0.6823    0.8491     0.835    0.7277     0.057   0.04492    0.0313
   289/299     3.69G   0.01118    0.0135  0.004631   0.02931        14       640    0.6732    0.8595    0.8322    0.7243   0.05701   0.04428   0.03124
   290/299     3.69G  0.008854   0.01317  0.004065   0.02609        15       640    0.7221    0.8021    0.8334     0.724   0.05699   0.04534    0.0313
   291/299     3.69G    0.0096   0.01282  0.004344   0.02676        13       640    0.7236    0.8101     0.831    0.7231   0.05703   0.04549   0.03125
   292/299     3.69G    0.0109    0.0129  0.004317   0.02813        23       640    0.6997     0.834     0.832    0.7237   0.05702   0.04629    0.0314
   293/299     3.69G   0.01109   0.01324  0.004594   0.02893        44       640    0.6701    0.8542    0.8324    0.7238     0.057    0.0453   0.03138
   294/299     3.69G   0.01069    0.0141   0.00434   0.02913        29       640    0.6763     0.854    0.8302    0.7211   0.05702   0.04618   0.03141
   295/299     3.69G   0.01089   0.01291  0.004324   0.02812        15       640    0.6805     0.862    0.8308    0.7226     0.057   0.04562   0.03134
   296/299     3.69G  0.009679   0.01273   0.00412   0.02653        18       640    0.7061    0.8078    0.8314    0.7215   0.05703    0.0455   0.03133
   297/299     3.69G   0.01074   0.01337   0.00412   0.02822        30       640    0.6754    0.8606    0.8329     0.726   0.05699   0.04577   0.03141
   298/299     3.69G   0.01108   0.01302  0.004533   0.02863        18       640     0.812    0.7462    0.8298    0.7229   0.05698   0.04559   0.03159
   299/299     3.69G   0.01075    0.0138  0.004291   0.02884        20       640    0.7201    0.7978    0.8329    0.7254   0.05699   0.04537   0.03121
