     0/299     3.59G    0.0528    0.5232   0.08833    0.6644        24       640    0.3305   0.01167  0.003088 0.0003312    0.1272     10.34    0.1251
     1/299     3.79G   0.06503   0.03627    0.1059    0.2072        29       640   0.02423     0.389   0.01759  0.003991   0.08081   0.06245   0.09996
     2/299      3.8G   0.05939   0.03367   0.07182    0.1649        35       640   0.03642    0.4936   0.04552   0.02036   0.07667   0.06253    0.0672
     3/299      3.8G   0.06462   0.02836   0.04135    0.1343        52       640    0.4554    0.1642   0.06213   0.02588   0.08067    0.1537   0.05417
     4/299      3.8G    0.0662   0.02415   0.03571     0.126        13       640    0.4883    0.2152   0.03376  0.005287    0.0812    0.1538    0.0526
     5/299      3.8G   0.06144   0.02007   0.03517    0.1167         8       640   0.06015    0.2821    0.0643   0.02832   0.08526    0.1672   0.05864
     6/299      3.8G   0.05382   0.01916   0.03535    0.1083        28       640   0.06437    0.4101   0.09942   0.05177   0.07326    0.1143   0.05497
     7/299      3.8G   0.04921   0.02073   0.03542    0.1054        15       640    0.6221    0.2643    0.1104   0.05278   0.07191   0.09221   0.05555
     8/299      3.8G   0.04362   0.02306   0.03558    0.1023        25       640   0.04942    0.3852   0.06712   0.03609   0.07467    0.0771    0.0553
     9/299      3.8G    0.0408   0.02198   0.03508   0.09786        14       640    0.5488    0.4234    0.1059   0.05802   0.07249   0.06712   0.05419
    10/299      3.8G   0.03683   0.02268   0.03426   0.09377        24       640    0.5611    0.3875    0.1189   0.07299   0.07082   0.06418   0.05388
    11/299      3.8G    0.0361   0.02309   0.03312   0.09231        26       640    0.5708    0.4121    0.1264   0.06189   0.07182   0.05817   0.05436
    12/299      3.8G    0.0352   0.02336   0.03296   0.09152        22       640    0.4916    0.4107     0.122    0.0735   0.06611   0.06119   0.05433
    13/299      3.8G   0.03296   0.02305   0.03232   0.08833        31       640    0.2153     0.385    0.1277   0.07933   0.07047   0.05588   0.05502
    14/299      3.8G   0.03258   0.02339   0.03206   0.08802         7       640    0.1133    0.3534    0.1288   0.08664   0.06196   0.05868   0.05502
    15/299      3.8G    0.0315   0.02441   0.03251   0.08842        27       640   0.09778    0.5041    0.1489    0.1016   0.06041   0.05467    0.0556
    16/299      3.8G   0.03148   0.02427   0.03227   0.08802        18       640   0.09241      0.44    0.1276   0.09041    0.0609   0.05264    0.0555
    17/299      3.8G   0.03013   0.02387    0.0321    0.0861        19       640    0.1061    0.4956    0.1435   0.09944   0.05784   0.05399   0.05535
    18/299      3.8G   0.02925   0.02399   0.03191   0.08515        28       640    0.1596    0.5467    0.1529    0.1112   0.05904   0.05189   0.05558
    19/299      3.8G   0.02969   0.02489   0.03185   0.08643        13       640   0.08673    0.5537    0.1425     0.108   0.05799   0.05167    0.0555
    20/299      3.8G   0.02824    0.0232   0.03117   0.08261        30       640    0.1593    0.5338    0.1483    0.1119   0.05636   0.05311   0.05543
    21/299      3.8G    0.0267    0.0243    0.0311    0.0821        23       640    0.3576    0.4875    0.1678    0.1274   0.05996   0.05184   0.05547
    22/299      3.8G   0.02832   0.02488   0.03056   0.08376        22       640    0.3506    0.4979    0.1609    0.1223   0.05835   0.05138   0.05533
    23/299      3.8G   0.02661   0.02345   0.03043    0.0805        25       640    0.4949    0.4916    0.1743    0.1308   0.05725   0.05152   0.05539
    24/299      3.8G    0.0263   0.02426   0.03013   0.08069        21       640    0.5135     0.477    0.1947    0.1486   0.05826   0.05312   0.05514
    25/299      3.8G   0.02485   0.02513   0.02956   0.07954        14       640    0.5161    0.5051    0.2021    0.1428   0.05769   0.05553   0.05491
    26/299      3.8G   0.02673   0.02411   0.02937   0.08021        32       640    0.5292    0.4014    0.2005    0.1478   0.05578   0.06909   0.05509
    27/299      3.8G   0.02497   0.02422   0.02899   0.07817        30       640    0.4602    0.4923    0.2147    0.1635   0.05631   0.05686    0.0546
    28/299      3.8G   0.02472   0.02299   0.02828   0.07599        38       640    0.4531    0.5104    0.2217    0.1695   0.05661   0.05268   0.05457
    29/299      3.8G   0.02578   0.02392   0.02811   0.07782        14       640    0.5199    0.4886    0.2251    0.1627   0.05984   0.05354   0.05443
    30/299      3.8G   0.02563   0.02332   0.02744   0.07639        27       640    0.5002    0.5175     0.224    0.1731   0.05599   0.05031   0.05451
    31/299      3.8G    0.0242   0.02368   0.02629   0.07417        17       640    0.1096    0.7022    0.2156    0.1601   0.05763    0.0576   0.05505
    32/299      3.8G   0.02564   0.02331   0.02569   0.07464         7       640    0.6042    0.4105    0.2162    0.1677   0.05467    0.0578   0.05594
    33/299      3.8G   0.02559   0.02259   0.02462   0.07281        22       640    0.6178    0.4336    0.2473    0.1935   0.05657   0.05042   0.05422
    34/299      3.8G     0.025   0.02304   0.02405   0.07209        49       640    0.6223    0.3908    0.2417     0.187    0.0579   0.04767   0.05434
    35/299      3.8G   0.02404   0.02206    0.0238    0.0699        18       640    0.6186    0.4247    0.2443     0.193   0.05698   0.05089   0.05496
    36/299      3.8G    0.0239   0.02258   0.02358   0.07007        17       640    0.6177     0.417     0.236    0.1785   0.05765   0.05164   0.05497
    37/299      3.8G   0.02556   0.02245   0.02321   0.07122        24       640    0.6262    0.4358    0.2458    0.1961    0.0553   0.04938   0.05446
    38/299      3.8G   0.02369   0.02248   0.02281   0.06897        15       640    0.6258    0.4358    0.2578    0.2075   0.05463   0.04681   0.05444
    39/299      3.8G   0.02284   0.02249   0.02278   0.06811        23       640    0.6138    0.4167    0.2494     0.187    0.0571   0.04466   0.05508
    40/299      3.8G   0.02294   0.02256   0.02288   0.06838        37       640    0.6246     0.391    0.2656    0.2049   0.05486   0.04999   0.05491
    41/299      3.8G   0.02244   0.02157   0.02271   0.06672        22       640    0.6277    0.4014    0.2592    0.1981   0.05502   0.05027   0.05507
    42/299      3.8G   0.02486   0.02204   0.02222   0.06912        39       640    0.6321    0.4081    0.2711    0.2214   0.05412   0.04689   0.05447
    43/299      3.8G    0.0234   0.02258   0.02195   0.06793        30       640    0.6446    0.3731    0.2691     0.211   0.05527   0.04899    0.0543
    44/299      3.8G   0.02318   0.02193   0.02185   0.06695        18       640    0.6535    0.3893    0.2889    0.2321   0.05469   0.04742   0.05402
    45/299      3.8G   0.02256   0.02249   0.02158   0.06663         9       640    0.6019    0.3726    0.2351    0.1739   0.05874   0.04707   0.05712
    46/299      3.8G   0.02241   0.02225   0.02169   0.06635        15       640    0.6394    0.3998    0.2849    0.2155   0.05651   0.04656   0.05423
    47/299      3.8G   0.02196   0.02185   0.02136   0.06517         7       640    0.6518    0.3639    0.2749    0.2189   0.05358   0.05194   0.05554
    48/299      3.8G   0.02357   0.02249   0.02111   0.06717         7       640    0.6606    0.3911    0.2745     0.213   0.05519   0.04408   0.05504
    49/299      3.8G   0.02148   0.02144   0.02086   0.06378        10       640    0.6655    0.3579    0.2944    0.2264   0.05522   0.04728   0.05439
    50/299      3.8G   0.02014   0.02213   0.02053    0.0628        29       640    0.6732    0.3854    0.3189     0.251   0.05389   0.04682   0.05381
    51/299      3.8G   0.02095   0.02088   0.02092   0.06276        19       640    0.6381    0.3607    0.2617     0.202   0.05433   0.05939   0.05731
    52/299      3.8G   0.02211   0.02215   0.02077   0.06504        17       640    0.6686     0.344     0.302    0.2375    0.0533   0.04802   0.05476
    53/299      3.8G   0.02099   0.02103   0.02063   0.06265        26       640    0.6597    0.4091    0.3225    0.2542   0.05348    0.0487   0.05338
    54/299      3.8G   0.02259   0.02179   0.02004   0.06442        41       640    0.6894    0.4187    0.3429    0.2608   0.05434   0.04972   0.05383
    55/299      3.8G   0.02018   0.02234   0.02004   0.06256         9       640    0.6686    0.4361    0.3501    0.2742   0.05339   0.04817   0.05339
    56/299      3.8G   0.02066   0.02124   0.01987   0.06177        36       640    0.6857    0.4074    0.3373    0.2641   0.05369   0.04582   0.05355
    57/299      3.8G   0.02099   0.02127   0.01961   0.06187        31       640    0.6942      0.42    0.3502    0.2546   0.05392   0.05036   0.05354
    58/299      3.8G   0.02209   0.02198      0.02   0.06407        46       640    0.6866    0.3709    0.3333    0.2549   0.05255   0.05497    0.0541
    59/299      3.8G   0.02079    0.0217   0.01951     0.062        42       640    0.6262    0.4554    0.3588    0.2862   0.05257   0.04802    0.0527
    60/299      3.8G   0.02093   0.02148    0.0194   0.06181        16       640    0.6487    0.4404    0.3695    0.2803   0.05324   0.05138   0.05302
    61/299      3.8G   0.02002   0.02036   0.01942   0.05979        14       640    0.6387    0.4462    0.3691    0.2948   0.05312   0.04876   0.05275
    62/299      3.8G   0.01973   0.02171    0.0185   0.05995        16       640    0.6608    0.4214    0.3871    0.3048   0.05327   0.04599   0.05254
    63/299      3.8G   0.02225   0.02033   0.01866   0.06124        29       640    0.6683    0.4118    0.3639    0.2802   0.05243   0.05331   0.05368
    64/299      3.8G   0.02107   0.02137   0.01894   0.06138        27       640    0.6402    0.3892    0.3937    0.3029   0.05332   0.04514   0.05236
    65/299      3.8G   0.02036   0.02032   0.01812    0.0588        12       640    0.6206    0.4716    0.4078    0.3246   0.05264   0.04873   0.05178
    66/299      3.8G   0.01961   0.02097   0.01805   0.05863        31       640    0.5477    0.5317    0.3809    0.3071   0.05293   0.04805   0.05278
    67/299      3.8G    0.0207   0.02145   0.01796   0.06012         8       640    0.6112    0.4716       0.4    0.3076    0.0539   0.05041   0.05268
    68/299      3.8G   0.02144    0.0201   0.01776    0.0593        35       640    0.6124    0.4614    0.4033    0.3236   0.05191    0.0531   0.05317
    69/299      3.8G   0.02124   0.02116   0.01791   0.06031        28       640    0.6209    0.5007    0.4223    0.3396   0.05271   0.04635   0.05189
    70/299      3.8G   0.02051    0.0199   0.01713   0.05754        18       640    0.6633    0.4792    0.4317    0.3429   0.05351   0.04497   0.05157
    71/299      3.8G   0.02109   0.02046   0.01733   0.05888        15       640    0.6186    0.5266    0.4539    0.3665    0.0526   0.04733   0.05102
    72/299      3.8G   0.01991   0.02021   0.01744   0.05757        17       640    0.6261    0.5113     0.451    0.3666   0.05242   0.04882   0.05086
    73/299      3.8G   0.02005   0.02034   0.01677   0.05716        27       640    0.6123    0.4984    0.4585      0.38   0.05175   0.04798   0.05066
    74/299      3.8G   0.01993   0.02034   0.01691   0.05719        63       640    0.6235    0.5238    0.4577    0.3754   0.05221   0.04778   0.05093
    75/299      3.8G   0.01997   0.01947   0.01682   0.05627        27       640    0.6229    0.5461    0.4704    0.3853   0.05169   0.04918    0.0505
    76/299      3.8G   0.01951   0.01969   0.01679   0.05599        12       640    0.6478    0.4808    0.4739    0.3854   0.05234   0.04782   0.05107
    77/299      3.8G   0.01979   0.02065   0.01631   0.05675        11       640    0.6716    0.4656    0.4756    0.3779   0.05267   0.05102   0.05048
    78/299      3.8G   0.02026   0.01994   0.01659   0.05679        13       640      0.64    0.4913     0.476     0.389   0.05162   0.05026   0.05039
    79/299      3.8G   0.01968   0.01984   0.01661   0.05614         8       640    0.6584    0.4952    0.4685    0.3862   0.05106    0.0497   0.05055
    80/299      3.8G   0.01868   0.01933   0.01614   0.05414        25       640     0.615    0.5674    0.5079    0.4194   0.05064   0.04805   0.04945
    81/299      3.8G   0.01999   0.02024   0.01588   0.05611        19       640    0.6726    0.5094    0.5172    0.4323   0.05026   0.04941   0.04986
    82/299      3.8G   0.01817   0.01957   0.01525   0.05299        36       640    0.4177    0.7465    0.4892    0.4032   0.05088   0.05023   0.05086
    83/299      3.8G   0.01792   0.01941   0.01542   0.05275        19       640    0.6572    0.4987    0.5071     0.422   0.04953    0.0536    0.0509
    84/299      3.8G   0.01912   0.01974   0.01554    0.0544        13       640     0.458    0.7049    0.5097    0.4203   0.05026   0.05225   0.04948
    85/299      3.8G   0.01936   0.02003   0.01486   0.05425        45       640    0.4595    0.6976    0.5316    0.4385   0.04974     0.051   0.04939
    86/299      3.8G   0.01915   0.01997     0.015   0.05412        27       640    0.4529    0.7297    0.5405     0.444   0.05017   0.05072    0.0491
    87/299      3.8G   0.01831   0.02067   0.01505   0.05403        36       640    0.4832    0.7034    0.5435    0.4558    0.0496   0.05087   0.04909
    88/299      3.8G   0.01933   0.02023   0.01494    0.0545        26       640    0.4875    0.7239    0.5529    0.4471   0.05058   0.05024   0.04887
    89/299      3.8G   0.01944   0.01924   0.01502    0.0537        15       640    0.4848    0.7286    0.5639    0.4627   0.04996   0.05177   0.04921
    90/299      3.8G   0.01899   0.01934   0.01478   0.05312        37       640    0.4972    0.6973    0.5521      0.46   0.04922   0.05062   0.04849
    91/299      3.8G   0.01917    0.0194   0.01456   0.05313        22       640      0.42    0.7304     0.568    0.4621   0.05021   0.05097   0.04859
    92/299      3.8G   0.01783   0.01981   0.01417   0.05181        18       640     0.537    0.7131    0.5806    0.4793   0.04884   0.05127    0.0483
    93/299      3.8G    0.0182   0.01964   0.01417     0.052         8       640     0.469    0.7217    0.5743    0.4641   0.04893   0.05123   0.04795
    94/299      3.8G   0.01797   0.01886   0.01363   0.05046        25       640    0.4837    0.7112    0.5717    0.4755   0.04823   0.05091   0.04805
    95/299      3.8G   0.01875   0.01886   0.01433   0.05194        14       640    0.5003    0.6821    0.5781    0.4629    0.0484   0.05064   0.04801
    96/299      3.8G   0.01794   0.01959   0.01397   0.05151        23       640    0.5613    0.6274    0.5754    0.4731    0.0483   0.05178   0.04811
    97/299      3.8G   0.01792   0.01876   0.01369   0.05037        14       640    0.6325    0.5922    0.5725    0.4721   0.04761   0.05022   0.04775
    98/299      3.8G   0.01804   0.01924   0.01362   0.05089        20       640    0.6646    0.5911    0.6189    0.5132   0.04743   0.05071    0.0477
    99/299      3.8G   0.01684   0.01931   0.01322   0.04937        27       640    0.5857    0.6978    0.5848    0.4815   0.04708   0.04985   0.04758
   100/299      3.8G   0.01903   0.01934   0.01329   0.05166        12       640    0.6198    0.6717    0.6031    0.5006    0.0474   0.05145   0.04753
   101/299      3.8G    0.0174    0.0199   0.01295   0.05026        36       640    0.5938    0.7094    0.5996    0.4998   0.04645   0.05268   0.04784
   102/299      3.8G    0.0186   0.01978   0.01319   0.05158        16       640     0.599    0.7053    0.6212    0.5192   0.04704   0.05067   0.04743
   103/299      3.8G   0.01666   0.01855   0.01274   0.04795        15       640    0.5657    0.7222    0.6157     0.516   0.04646    0.0525   0.04742
   104/299      3.8G   0.01732   0.01929   0.01259    0.0492        19       640    0.6399    0.6385    0.6201    0.4996   0.04646    0.0536   0.04806
   105/299      3.8G   0.01907   0.01956   0.01282   0.05145        18       640    0.4164    0.7817    0.6178    0.5174   0.04571   0.05292   0.04684
   106/299      3.8G   0.01724   0.01897   0.01303   0.04923        45       640    0.5294    0.7529    0.6239    0.5237   0.04484   0.05337   0.04644
   107/299      3.8G   0.01815   0.01938   0.01277    0.0503        24       640    0.4633    0.7973    0.6243    0.5175   0.04506   0.05368   0.04711
   108/299      3.8G   0.01812   0.01926   0.01218   0.04955        39       640     0.491    0.7659    0.6351     0.526   0.04491   0.05369   0.04637
   109/299      3.8G   0.01629     0.019   0.01224   0.04754        12       640     0.571    0.7543    0.6323    0.5336   0.04369   0.05239   0.04671
   110/299      3.8G   0.01672   0.01883   0.01212   0.04766         8       640    0.6048    0.6902    0.6412    0.5348    0.0434   0.05409   0.04651
   111/299      3.8G   0.01619   0.01869   0.01217   0.04705        11       640    0.5155    0.7885    0.6482    0.5433   0.04319   0.05419   0.04653
   112/299      3.8G   0.01726   0.01896   0.01164   0.04787        36       640    0.5126    0.7733    0.6442    0.5357    0.0424   0.05467   0.04555
   113/299      3.8G   0.01864   0.01919   0.01194   0.04977        40       640    0.4889    0.7984    0.6567    0.5485    0.0427   0.05389   0.04584
   114/299      3.8G   0.01584   0.01846   0.01165   0.04595        17       640    0.6059    0.7098    0.6336    0.5301   0.04163   0.05445    0.0455
   115/299      3.8G   0.01662   0.01899   0.01157   0.04717        32       640     0.494    0.8229    0.6388    0.5298   0.04145   0.05339   0.04568
   116/299      3.8G   0.01813     0.019   0.01157   0.04869        41       640    0.6933    0.6617    0.6498    0.5483   0.04106   0.05338   0.04536
   117/299      3.8G   0.01794   0.01908   0.01136   0.04838        32       640    0.6237    0.7064    0.6647    0.5607   0.04105   0.05521   0.04555
   118/299      3.8G   0.01731   0.01852   0.01122   0.04705        24       640    0.5151     0.809    0.6626    0.5618   0.04051   0.05491   0.04513
   119/299      3.8G   0.01651   0.01819   0.01102   0.04572        26       640    0.6797    0.7061    0.6728    0.5659   0.04018   0.05351    0.0453
   120/299      3.8G   0.01683   0.01819   0.01109    0.0461        28       640    0.6431     0.707    0.6558    0.5513   0.04001   0.05319   0.04546
   121/299      3.8G   0.01758   0.01948   0.01099   0.04805        20       640    0.5535    0.7786    0.6668    0.5671    0.0396   0.05163   0.04469
   122/299      3.8G   0.01669    0.0186   0.01116   0.04645        16       640    0.5029    0.8661    0.6923    0.5881   0.03909   0.05329   0.04414
   123/299      3.8G   0.01683   0.01989   0.01096   0.04768        37       640    0.6934    0.6985    0.6786    0.5706   0.03919   0.05111   0.04423
   124/299      3.8G   0.01589   0.01871   0.01061   0.04522        29       640     0.515    0.8266    0.6744    0.5737   0.03884   0.05165   0.04432
   125/299      3.8G   0.01628   0.01891   0.01062   0.04581        27       640    0.5578    0.7918    0.6985    0.5896   0.03881   0.04977     0.044
   126/299      3.8G   0.01587   0.01893   0.01066   0.04545        21       640    0.5056    0.8509    0.6842    0.5797   0.03858   0.04983    0.0439
   127/299      3.8G    0.0171    0.0186   0.01059   0.04629        64       640     0.575    0.8067    0.6863    0.5801   0.03852   0.04901   0.04382
   128/299      3.8G   0.01588   0.01841   0.01097   0.04526        21       640    0.5241    0.8358    0.7005    0.5981   0.03819   0.05024   0.04329
   129/299      3.8G   0.01624   0.01931   0.01036    0.0459        28       640    0.5236    0.8261    0.6929    0.5883   0.03811   0.04952    0.0437
   130/299      3.8G   0.01544   0.01921   0.01033   0.04498        48       640     0.524    0.8625    0.7033    0.5964    0.0383   0.04878    0.0434
   131/299      3.8G   0.01552   0.01845   0.01007   0.04404        13       640    0.5385    0.8377    0.7049    0.5988   0.03805   0.04872   0.04309
   132/299      3.8G   0.01621   0.01868   0.01032   0.04522        24       640    0.5578    0.8239    0.7049    0.5968   0.03828    0.0484    0.0433
   133/299      3.8G   0.01656   0.01927   0.01028    0.0461        47       640    0.4984    0.8545    0.6896    0.5861   0.03782   0.04792   0.04313
   134/299      3.8G   0.01594   0.01869   0.01006    0.0447        14       640    0.7026    0.7133    0.7157    0.6109   0.03772   0.04854   0.04314
   135/299      3.8G   0.01568   0.01923   0.01015   0.04506        12       640    0.7056    0.7197    0.7182    0.6021   0.03808   0.04842   0.04283
   136/299      3.8G    0.0157   0.01797  0.009807   0.04348        12       640    0.5323    0.8599    0.7055    0.5997   0.03762   0.04776    0.0429
   137/299      3.8G   0.01591   0.01912  0.009831   0.04486         8       640    0.6902    0.7297    0.7146    0.6074   0.03779   0.04763   0.04312
   138/299      3.8G   0.01573   0.01788  0.009601   0.04321        13       640    0.5131    0.8848    0.7231    0.6123   0.03769   0.04955   0.04294
   139/299      3.8G   0.01487    0.0179  0.009742   0.04252        29       640    0.5293    0.8792    0.7204    0.6102   0.03767    0.0485   0.04266
   140/299      3.8G   0.01563   0.01856  0.009481   0.04367        24       640    0.5376    0.8658     0.742    0.6348   0.03746   0.04891   0.04248
   141/299      3.8G   0.01462   0.01761  0.009656   0.04189        20       640    0.5324    0.8932     0.731    0.6263   0.03735   0.04716   0.04258
   142/299      3.8G   0.01512   0.01824   0.00918   0.04254        28       640    0.5278    0.8774    0.7365    0.6291   0.03739   0.04896   0.04256
   143/299      3.8G   0.01609   0.01822  0.009237   0.04355        39       640    0.5436    0.8433    0.7395    0.6321   0.03737   0.04886   0.04221
   144/299      3.8G   0.01558   0.01883  0.009602   0.04401        16       640    0.5789    0.8403    0.7487    0.6396   0.03737   0.04727   0.04243
   145/299      3.8G   0.01522   0.01855  0.009259   0.04303        35       640    0.5727    0.8405    0.7361    0.6285   0.03732   0.04853   0.04269
   146/299      3.8G    0.0147   0.01838  0.008826    0.0419        14       640    0.5557    0.8849    0.7424    0.6329   0.03729   0.04929   0.04236
   147/299      3.8G   0.01468   0.01805  0.008993   0.04172        37       640    0.5677    0.8313    0.7436    0.6355   0.03718   0.04863   0.04225
   148/299      3.8G   0.01553   0.01807  0.008622   0.04222        10       640    0.5818    0.8234     0.732    0.6258   0.03714   0.04948   0.04244
   149/299      3.8G   0.01481   0.01791  0.008858   0.04159        38       640    0.5478    0.8604    0.7466    0.6388   0.03696   0.04824   0.04243
   150/299      3.8G   0.01516   0.01882  0.008921    0.0429        21       640    0.5991    0.8204     0.749    0.6413     0.037   0.04957   0.04202
   151/299      3.8G   0.01493   0.01873  0.008604   0.04226        28       640    0.5597    0.8603    0.7539     0.645   0.03694   0.04898   0.04206
   152/299      3.8G     0.014   0.01773  0.008964   0.04069         9       640    0.5445    0.8617    0.7538    0.6464   0.03687   0.04817   0.04184
   153/299      3.8G   0.01488   0.01775   0.00881   0.04144        40       640    0.5756    0.8457    0.7448     0.634   0.03678   0.04791   0.04214
   154/299      3.8G   0.01472   0.01833  0.008601   0.04165        20       640    0.5621    0.8814    0.7577    0.6492   0.03656   0.04889   0.04209
   155/299      3.8G   0.01486   0.01829  0.008649    0.0418        16       640    0.5763    0.8801    0.7633    0.6556   0.03651   0.04873    0.0417
   156/299      3.8G    0.0139   0.01801  0.008546   0.04046        21       640    0.6118    0.8146    0.7616    0.6534   0.03612   0.04694   0.04187
   157/299      3.8G   0.01386   0.01801  0.008444   0.04031        10       640    0.6716    0.8065    0.7727    0.6623   0.03614   0.04794   0.04205
   158/299      3.8G   0.01421   0.01809  0.008175   0.04047        24       640    0.6728    0.7953    0.7755      0.67   0.03595   0.04849   0.04179
   159/299      3.8G   0.01459   0.01832  0.008238   0.04115        22       640    0.6235    0.8254    0.7623    0.6565   0.03584   0.04784   0.04226
   160/299      3.8G    0.0141   0.01781   0.00831   0.04022        18       640    0.5808    0.8367     0.757    0.6475   0.03595    0.0486   0.04214
   161/299      3.8G    0.0143    0.0179  0.008029   0.04023        37       640    0.5747    0.8407    0.7681    0.6601   0.03564   0.04939    0.0418
   162/299      3.8G   0.01375   0.01789  0.008005   0.03965        23       640    0.6162    0.8381    0.7763    0.6677   0.03559   0.04857   0.04196
   163/299      3.8G   0.01316   0.01793  0.007711   0.03879        17       640    0.6228    0.8464    0.7627    0.6557   0.03548   0.04917   0.04214
   164/299      3.8G   0.01277    0.0181  0.008143   0.03901        40       640    0.6705    0.8122     0.775    0.6685   0.03558    0.0479   0.04171
   165/299      3.8G   0.01386   0.01787  0.007829   0.03955        41       640     0.626    0.8469    0.7858    0.6751   0.03559   0.04915   0.04167
   166/299      3.8G    0.0137   0.01772  0.007576     0.039         9       640    0.6809    0.8074    0.7802    0.6711   0.03553   0.04891   0.04169
   167/299      3.8G    0.0134   0.01759  0.007574   0.03856        11       640     0.664    0.8111    0.7992    0.6865   0.03539   0.04874   0.04136
   168/299      3.8G   0.01318   0.01782  0.007657   0.03865        17       640     0.624    0.8454    0.7889    0.6785   0.03546   0.04905   0.04142
   169/299      3.8G   0.01342   0.01839  0.007335   0.03914        15       640    0.6339    0.8474    0.7868    0.6772   0.03543   0.04951   0.04141
   170/299      3.8G   0.01338   0.01678  0.007517   0.03767        30       640    0.6499    0.8202    0.7962    0.6876   0.03537   0.04991    0.0415
   171/299      3.8G   0.01371   0.01768  0.007438   0.03883        49       640    0.6518    0.8324    0.8019      0.69   0.03534   0.04803   0.04126
   172/299      3.8G   0.01346   0.01753  0.007491   0.03847        55       640    0.6427    0.8552    0.8097    0.6976   0.03545   0.05038   0.04115
   173/299      3.8G   0.01331   0.01774  0.007399   0.03845        18       640    0.6331    0.8271    0.7921    0.6828   0.03519   0.04858   0.04161
   174/299      3.8G   0.01361   0.01798  0.007249   0.03884        24       640    0.6655    0.8438    0.7993    0.6884   0.03521   0.05084   0.04143
   175/299      3.8G   0.01325   0.01762  0.007345   0.03821        39       640    0.7156    0.8134    0.8112    0.6992   0.03526   0.05027   0.04141
   176/299      3.8G   0.01308   0.01797  0.007337   0.03838        35       640    0.6835    0.8187       0.8    0.6886   0.03527   0.05026   0.04188
   177/299      3.8G   0.01328   0.01701  0.007274   0.03757        24       640    0.6986    0.8406    0.8159    0.7053   0.03524   0.05102   0.04124
   178/299      3.8G   0.01315   0.01713  0.006976   0.03725        19       640    0.6819    0.7907     0.802    0.6928   0.03524   0.05076   0.04119
   179/299      3.8G   0.01309    0.0169   0.00705   0.03705        52       640    0.6658    0.8418     0.807    0.6965   0.03524   0.05238   0.04146
   180/299      3.8G   0.01321    0.0177  0.007142   0.03805        30       640    0.6628    0.8373    0.8066     0.695   0.03525   0.05042   0.04137
   181/299      3.8G   0.01283   0.01714  0.007141   0.03711         5       640    0.7333    0.7909    0.8108    0.7006   0.03521   0.05016   0.04157
   182/299      3.8G   0.01261   0.01676  0.006945   0.03631        13       640    0.6773    0.8412     0.807    0.6971   0.03509   0.05034   0.04175
   183/299      3.8G   0.01262   0.01684  0.007003   0.03646        23       640    0.6653    0.8239    0.8057    0.6959   0.03509   0.04994    0.0419
   184/299      3.8G   0.01228   0.01696  0.006719   0.03596        50       640    0.7143     0.804    0.8168    0.7061   0.03509   0.05108   0.04154
   185/299      3.8G   0.01246   0.01746  0.006637   0.03656        32       640    0.7042    0.8065    0.8114    0.7005   0.03517   0.05158   0.04142
   186/299      3.8G   0.01275   0.01774  0.006721   0.03721        12       640    0.6717     0.834    0.8079    0.7013   0.03513   0.05007   0.04124
   187/299      3.8G   0.01216   0.01663  0.006548   0.03534         8       640    0.6768    0.8472    0.8091    0.7023   0.03507   0.05126   0.04182
   188/299      3.8G   0.01228   0.01674  0.006683    0.0357        22       640    0.6787    0.8407    0.8157    0.7052   0.03512   0.05139   0.04185
   189/299      3.8G   0.01221   0.01699  0.006637   0.03584        21       640    0.7494    0.7944     0.829    0.7192   0.03503   0.05143   0.04159
   190/299      3.8G   0.01238   0.01694  0.006489   0.03581        36       640     0.684    0.8495    0.8198    0.7093   0.03511   0.05146   0.04147
   191/299      3.8G   0.01259   0.01744  0.006576   0.03661        14       640    0.7306    0.8141    0.8299    0.7196   0.03502    0.0507   0.04132
   192/299      3.8G   0.01241   0.01675  0.006407   0.03557        40       640    0.7167    0.8134    0.8262    0.7166   0.03497   0.05086   0.04169
   193/299      3.8G    0.0122   0.01681  0.006527   0.03553        10       640     0.717    0.8161    0.8305    0.7195   0.03502   0.05177    0.0415
   194/299      3.8G   0.01204   0.01721   0.00624   0.03548         6       640    0.7163    0.8463    0.8298    0.7159   0.03509   0.05265   0.04159
   195/299      3.8G   0.01219   0.01663  0.006421   0.03525        39       640    0.7138    0.8373    0.8285    0.7191   0.03506   0.05149   0.04144
   196/299      3.8G   0.01213   0.01697  0.006386   0.03549        12       640    0.6887    0.8438    0.8323    0.7202   0.03506   0.05215   0.04106
   197/299      3.8G   0.01196    0.0162  0.006106   0.03427        29       640    0.7544    0.8096    0.8337    0.7212   0.03508   0.05239   0.04141
   198/299      3.8G   0.01211   0.01602  0.006225   0.03436        33       640     0.709    0.8478    0.8312    0.7191   0.03513   0.05293   0.04158
   199/299      3.8G   0.01211    0.0162  0.006063   0.03437         6       640    0.7064     0.849    0.8347    0.7253   0.03505   0.05298   0.04163
   200/299      3.8G   0.01184   0.01622  0.006323   0.03438        24       640    0.7166    0.8396     0.835    0.7238   0.03505   0.05286   0.04108
   201/299      3.8G   0.01218    0.0163  0.006198   0.03467        55       640    0.7034    0.8579    0.8264    0.7175   0.03499   0.05297   0.04149
   202/299      3.8G   0.01195   0.01642  0.006171   0.03455        25       640    0.7128    0.8451    0.8302    0.7193   0.03493   0.05243   0.04138
   203/299      3.8G   0.01191   0.01574   0.00591   0.03356        17       640    0.7027    0.8371    0.8304    0.7229   0.03502   0.05442   0.04177
   204/299      3.8G    0.0117    0.0162  0.006021   0.03392        26       640    0.7204    0.8336     0.829    0.7201   0.03494   0.05288   0.04158
   205/299      3.8G   0.01173   0.01623  0.005678   0.03364        50       640    0.7217    0.8471    0.8398    0.7277   0.03498    0.0548   0.04175
   206/299      3.8G   0.01166   0.01599   0.00624    0.0339        16       640    0.6925    0.8397    0.8248    0.7151   0.03496   0.05351   0.04172
   207/299      3.8G   0.01173   0.01648  0.005752   0.03396        29       640    0.7226    0.8276    0.8273    0.7177   0.03498   0.05398   0.04175
   208/299      3.8G   0.01203   0.01587  0.006017   0.03391        24       640    0.6931    0.8737    0.8444    0.7314   0.03497   0.05337   0.04145
   209/299      3.8G   0.01164   0.01552  0.005937   0.03309        24       640    0.7118    0.8578    0.8364    0.7265   0.03495   0.05421   0.04153
   210/299      3.8G   0.01156   0.01599  0.005523   0.03307        35       640    0.7172    0.8738    0.8424    0.7328   0.03491   0.05585   0.04131
   211/299      3.8G    0.0116   0.01589  0.005996   0.03349        10       640    0.7361    0.8298    0.8317    0.7237    0.0349   0.05295    0.0413
   212/299      3.8G    0.0116   0.01588  0.005548   0.03303        37       640    0.7044    0.8406    0.8333    0.7244   0.03494   0.05519   0.04137
   213/299      3.8G   0.01159   0.01663  0.005648   0.03387        23       640    0.7223      0.84     0.839    0.7289   0.03492   0.05497   0.04111
   214/299      3.8G   0.01158   0.01547  0.005554    0.0326        10       640    0.7294    0.8485    0.8445    0.7349   0.03488   0.05447   0.04143
   215/299      3.8G   0.01161   0.01539  0.005569   0.03257        23       640    0.7152    0.8667    0.8508    0.7393   0.03493   0.05464   0.04123
   216/299      3.8G   0.01162   0.01572  0.005407   0.03274        26       640    0.7245    0.8649    0.8397    0.7306   0.03495   0.05635   0.04131
   217/299      3.8G   0.01158   0.01486  0.005623   0.03205        10       640    0.7418    0.8562    0.8516    0.7417   0.03486   0.05547   0.04101
   218/299      3.8G   0.01176   0.01555  0.005697   0.03301        38       640    0.7264     0.871    0.8514    0.7424   0.03489   0.05553   0.04095
   219/299      3.8G   0.01149   0.01577  0.005476   0.03274        10       640    0.7199    0.8454     0.849    0.7379   0.03489   0.05641   0.04131
   220/299      3.8G   0.01141   0.01588  0.005317   0.03262        10       640    0.7038    0.8725    0.8401    0.7308   0.03487   0.05623   0.04141
   221/299      3.8G   0.01149   0.01527   0.00537   0.03213        38       640    0.7627    0.8279    0.8495    0.7404   0.03486   0.05676    0.0414
   222/299      3.8G   0.01137   0.01542  0.005316    0.0321        44       640    0.7258    0.8431     0.846    0.7325   0.03493   0.05616   0.04125
   223/299      3.8G    0.0114   0.01565  0.005365   0.03241        21       640    0.7359    0.8471    0.8449    0.7371   0.03484   0.05483   0.04109
   224/299      3.8G   0.01136   0.01482  0.005311   0.03149        22       640    0.7626    0.8267    0.8481    0.7374   0.03488   0.05685   0.04118
   225/299      3.8G   0.01146   0.01521  0.005087   0.03175        12       640    0.7935     0.819    0.8565    0.7477   0.03487   0.05589   0.04135
   226/299      3.8G    0.0114   0.01561   0.00547   0.03248        21       640    0.7959    0.8069    0.8521    0.7411   0.03486   0.05679   0.04089
   227/299      3.8G   0.01142   0.01573   0.00488   0.03202        44       640    0.7441    0.8617    0.8498    0.7388   0.03486   0.05632   0.04116
   228/299      3.8G   0.01143   0.01554  0.005209   0.03218        20       640    0.7489    0.8413     0.849    0.7375   0.03487   0.05644   0.04121
   229/299      3.8G   0.01146   0.01509   0.00503   0.03158        22       640    0.7865    0.8085    0.8464    0.7358   0.03481   0.05725   0.04109
   230/299      3.8G   0.01143   0.01464  0.005217   0.03129        30       640    0.7281    0.8556    0.8501    0.7391   0.03485   0.05707   0.04104
   231/299      3.8G   0.01137   0.01556  0.005085   0.03201        39       640    0.7206    0.8573    0.8444    0.7359    0.0348   0.05713   0.04128
   232/299      3.8G    0.0113   0.01519  0.004806    0.0313        17       640    0.7278    0.8772    0.8527    0.7426   0.03486   0.05807   0.04128
   233/299      3.8G   0.01142   0.01498  0.004865   0.03127        18       640    0.7267    0.8692    0.8581    0.7478   0.03488   0.05755   0.04145
   234/299      3.8G   0.01134   0.01493  0.005079   0.03135        11       640      0.72    0.8833    0.8551    0.7449   0.03485   0.05797   0.04126
   235/299      3.8G   0.01125   0.01514   0.00489   0.03128        18       640    0.7136    0.8532    0.8424    0.7322   0.03492   0.05791   0.04124
   236/299      3.8G   0.01117   0.01497  0.004849   0.03098         9       640    0.7281    0.8476    0.8454    0.7369    0.0348   0.05713   0.04132
   237/299      3.8G   0.01125   0.01468   0.00508   0.03101        12       640    0.7466    0.8313    0.8517    0.7412   0.03479   0.05771   0.04134
   238/299      3.8G   0.01115   0.01423  0.004613      0.03        24       640    0.7448    0.8467    0.8545    0.7429   0.03487   0.05938   0.04123
   239/299      3.8G   0.01119   0.01446   0.00464   0.03028        25       640    0.7953    0.8147    0.8512    0.7423   0.03479   0.05963   0.04142
   240/299      3.8G    0.0112     0.015  0.004666   0.03086        39       640    0.7626    0.8373    0.8563    0.7455   0.03481   0.05924   0.04123
   241/299      3.8G   0.01133   0.01482  0.004619   0.03077        19       640    0.7425    0.8565    0.8573    0.7467   0.03485   0.05947   0.04123
   242/299      3.8G   0.01131   0.01436  0.004759   0.03043        18       640    0.7718    0.8306    0.8585    0.7478   0.03482   0.05854    0.0411
   243/299      3.8G   0.01126   0.01498  0.004794   0.03104        15       640    0.7635    0.8315    0.8565    0.7475   0.03479   0.05998   0.04117
   244/299      3.8G   0.01111   0.01452  0.004644   0.03028        34       640    0.7613    0.8571    0.8607    0.7491   0.03485   0.05999   0.04115
   245/299      3.8G    0.0111   0.01391  0.004477   0.02949        36       640    0.8037    0.8197    0.8644    0.7516   0.03479   0.05972   0.04111
   246/299      3.8G   0.01113   0.01441  0.004484   0.03003        64       640    0.7875    0.8251    0.8622    0.7518   0.03481   0.06036   0.04119
   247/299      3.8G   0.01107   0.01442  0.004689   0.03017        15       640     0.767    0.8539     0.854     0.744   0.03477   0.05879    0.0412
   248/299      3.8G   0.01111   0.01448  0.004621   0.03021        42       640    0.7842    0.8226    0.8597    0.7487   0.03478   0.05805   0.04119
   249/299      3.8G   0.01121   0.01429  0.004337   0.02984        12       640    0.7427    0.8438    0.8611    0.7507   0.03479   0.05972   0.04129
   250/299      3.8G   0.01106    0.0146  0.004651   0.03032        30       640    0.7658    0.8256    0.8541    0.7439   0.03479   0.05904   0.04137
   251/299      3.8G   0.01124   0.01449  0.004494   0.03022        35       640    0.7598    0.8439     0.857    0.7484   0.03481   0.06165   0.04096
   252/299      3.8G   0.01106   0.01404  0.004504    0.0296        16       640    0.7245    0.8835    0.8559     0.747   0.03478   0.05872    0.0409
   253/299      3.8G   0.01109   0.01415   0.00454   0.02979        21       640    0.7461    0.8597     0.854    0.7458   0.03476   0.05948    0.0412
   254/299      3.8G   0.01111   0.01472   0.00414   0.02996        61       640    0.7701    0.8369    0.8552    0.7474   0.03478      0.06   0.04131
   255/299      3.8G   0.01105   0.01367  0.004521   0.02924        12       640    0.7634    0.8518    0.8566     0.747   0.03482   0.06118   0.04136
   256/299      3.8G   0.01103   0.01436  0.004365   0.02976        35       640    0.7457    0.8649    0.8538    0.7452   0.03483   0.05983   0.04131
   257/299      3.8G   0.01099   0.01384    0.0043   0.02913        32       640    0.7393     0.869    0.8547    0.7447   0.03481   0.06102   0.04095
   258/299      3.8G   0.01108   0.01395  0.004505   0.02954        28       640     0.737    0.8512    0.8513    0.7437   0.03482   0.06022   0.04114
   259/299      3.8G   0.01102   0.01399   0.00427   0.02927        31       640    0.7594    0.8365    0.8545    0.7461   0.03478    0.0599   0.04105
   260/299      3.8G   0.01095   0.01387  0.004196   0.02902        21       640    0.7592    0.8311    0.8564    0.7474   0.03481   0.06129    0.0409
   261/299      3.8G   0.01095   0.01393  0.004173   0.02905        24       640    0.7811    0.8308    0.8582    0.7496   0.03481   0.06188   0.04117
   262/299      3.8G   0.01091   0.01384  0.004024   0.02878        12       640     0.765     0.845    0.8639    0.7555   0.03479   0.06158    0.0414
   263/299      3.8G   0.01103   0.01431  0.004249   0.02958        28       640    0.7723    0.8348    0.8591    0.7495   0.03476   0.06047   0.04134
   264/299      3.8G   0.01094   0.01404  0.003995   0.02897        20       640    0.7637     0.851    0.8599    0.7501   0.03477   0.06156   0.04125
   265/299      3.8G   0.01092   0.01408  0.004307    0.0293        17       640    0.7815    0.8355    0.8596    0.7511   0.03475   0.06097   0.04124
   266/299      3.8G   0.01102   0.01405  0.004226   0.02929        26       640    0.7597    0.8383    0.8553    0.7463   0.03479   0.06137   0.04125
   267/299      3.8G   0.01088   0.01356  0.004211   0.02865        17       640     0.756    0.8477    0.8638    0.7555   0.03478   0.06094   0.04096
   268/299      3.8G   0.01095   0.01388  0.004254   0.02909        24       640    0.7772    0.8385    0.8637    0.7542   0.03477   0.06169   0.04135
   269/299      3.8G   0.01091   0.01379  0.004216   0.02891        27       640    0.7576    0.8601    0.8593    0.7529   0.03478   0.06265   0.04106
   270/299      3.8G     0.011    0.0142   0.00417   0.02937        26       640    0.7761    0.8386    0.8601    0.7535   0.03477   0.06231   0.04112
   271/299      3.8G   0.01087   0.01373  0.004227   0.02882        23       640    0.7503    0.8509    0.8588    0.7507   0.03476   0.06183   0.04106
   272/299      3.8G   0.01076   0.01399  0.004175   0.02893        20       640    0.7509    0.8589    0.8581    0.7491   0.03473   0.06018   0.04075
   273/299      3.8G    0.0109   0.01399  0.004158   0.02905        13       640    0.7332    0.8593    0.8581    0.7497   0.03477   0.06152   0.04091
   274/299      3.8G   0.01088   0.01333  0.004086   0.02829        23       640    0.7592    0.8478     0.854    0.7476   0.03479   0.06265   0.04108
   275/299      3.8G   0.01088   0.01379  0.004253   0.02892        23       640    0.7655    0.8482    0.8599    0.7526   0.03476   0.06235   0.04096
   276/299      3.8G   0.01076   0.01348  0.003863    0.0281        15       640    0.7653    0.8471    0.8575    0.7521   0.03475   0.06217   0.04088
   277/299      3.8G   0.01092   0.01384  0.003953   0.02871        37       640     0.762    0.8356    0.8579    0.7505    0.0347   0.06181   0.04095
   278/299      3.8G   0.01083   0.01352  0.004062   0.02841        32       640    0.7547    0.8487    0.8589    0.7512   0.03471   0.06238   0.04099
   279/299      3.8G   0.01072   0.01371  0.003758   0.02818        38       640    0.7563     0.864    0.8615    0.7531   0.03474   0.06348   0.04081
   280/299      3.8G   0.01073    0.0139  0.003787   0.02841        32       640    0.7797    0.8298    0.8601     0.751   0.03472   0.06344   0.04083
   281/299      3.8G    0.0109    0.0133  0.003972   0.02817        15       640    0.7839    0.8273    0.8602     0.751   0.03474    0.0627   0.04061
   282/299      3.8G   0.01086   0.01351  0.003787   0.02815        27       640    0.7497    0.8439    0.8574    0.7484   0.03474   0.06262   0.04068
   283/299      3.8G   0.01091   0.01334  0.004005   0.02825        10       640    0.7526    0.8416     0.854    0.7464   0.03471   0.06317   0.04096
   284/299      3.8G    0.0108   0.01295  0.003772   0.02752        30       640     0.763    0.8426    0.8578    0.7501   0.03474    0.0648   0.04088
   285/299      3.8G   0.01088   0.01285  0.003816   0.02755         8       640    0.7629    0.8408    0.8604    0.7508   0.03472   0.06429   0.04084
   286/299      3.8G   0.01079   0.01341  0.003914   0.02811        14       640    0.8068    0.8133    0.8628     0.755    0.0347   0.06373   0.04085
   287/299      3.8G   0.01077   0.01369  0.003786   0.02824        46       640    0.7853    0.8236    0.8607    0.7524   0.03473   0.06353   0.04096
   288/299      3.8G   0.01069   0.01349  0.003842   0.02802        29       640    0.7735    0.8392      0.86     0.754   0.03472   0.06247   0.04085
   289/299      3.8G   0.01078   0.01359  0.003815   0.02819        14       640    0.7774     0.826    0.8522    0.7457    0.0347   0.06287   0.04094
   290/299      3.8G   0.01087   0.01322  0.003887   0.02797        15       640    0.7813     0.814     0.856     0.749   0.03471   0.06401   0.04097
   291/299      3.8G   0.01078   0.01279  0.003839   0.02741        13       640    0.7616    0.8385    0.8606    0.7522   0.03471   0.06374   0.04089
   292/299      3.8G   0.01073   0.01311  0.003869   0.02771        23       640    0.7679    0.8373    0.8611    0.7554   0.03475   0.06415   0.04085
   293/299      3.8G   0.01078   0.01331  0.003925   0.02801        44       640    0.7761    0.8314    0.8588    0.7514   0.03471   0.06266   0.04102
   294/299      3.8G   0.01084    0.0142  0.003707   0.02875        29       640    0.7476    0.8618    0.8578    0.7517   0.03469   0.06268   0.04104
   295/299      3.8G   0.01082   0.01312  0.003786   0.02773        15       640    0.7828    0.8155    0.8565    0.7508   0.03468   0.06434   0.04103
   296/299      3.8G   0.01071   0.01288  0.003839   0.02743        18       640    0.7497    0.8485    0.8575    0.7501   0.03468   0.06349   0.04104
   297/299      3.8G   0.01068   0.01333  0.003724   0.02773        30       640    0.8011    0.8164      0.86    0.7539   0.03468   0.06512   0.04097
   298/299      3.8G   0.01081   0.01304  0.003706   0.02756        18       640    0.7758    0.8327    0.8579    0.7506   0.03468    0.0655   0.04104
   299/299      3.8G   0.01071    0.0139  0.003736   0.02835        20       640    0.7358    0.8774    0.8563    0.7488    0.0347   0.06373   0.04086
