     0/299     3.88G    0.1003    0.1152   0.07226    0.2878        24       640   0.02916    0.2145    0.0232  0.005374   0.07193   0.09206    0.0649
     1/299     3.86G   0.07638   0.09493   0.06146    0.2328        32       640   0.01054    0.2032  0.007673  0.001433   0.09277   0.08624   0.06558
     2/299     3.86G   0.08234   0.07969   0.05825    0.2203        31       640   0.03346    0.4314   0.03982   0.01042   0.07638   0.05707   0.05671
     3/299     3.86G    0.0766   0.08653   0.05768    0.2208        36       640    0.3888    0.4209   0.05655   0.02071   0.05696   0.05952   0.05644
     4/299     3.86G   0.07379    0.0881   0.05772    0.2196        46       640    0.2533    0.2956   0.05495    0.0189   0.08218   0.06337   0.06147
     5/299     3.86G   0.06358   0.08655   0.05775    0.2079        21       640    0.5243    0.4659    0.1039   0.04523   0.04474    0.0604   0.05656
     6/299     3.86G   0.05524   0.07588   0.05703    0.1881        17       640    0.5079    0.3156   0.07922   0.03906   0.03813   0.06154   0.05625
     7/299     3.86G    0.0482   0.06961   0.05699    0.1748        43       640    0.4758    0.5009    0.1149   0.04186   0.04246    0.0472   0.05583
     8/299     3.86G    0.0471   0.06883   0.05693    0.1729        25       640    0.5398    0.4917    0.1326   0.05574   0.03937   0.05588   0.05573
     9/299     3.86G   0.04164   0.06897   0.05679    0.1674        24       640    0.4839    0.5187    0.1387   0.08217   0.03325   0.04482   0.05549
    10/299     3.86G   0.04086   0.06506    0.0566    0.1625        24       640    0.5021    0.5027    0.1381   0.09201    0.0269   0.04015   0.05545
    11/299     3.86G   0.03859    0.0618   0.05638    0.1568        10       640    0.4908    0.5205    0.1398   0.07687   0.03302   0.04129   0.05544
    12/299     3.86G   0.03606    0.0594   0.05653     0.152        23       640    0.4814     0.511    0.1406   0.09586   0.02691    0.0416   0.05534
    13/299     3.86G   0.03492   0.05858   0.05634    0.1498        16       640    0.6638    0.3203    0.1432   0.09334   0.02882   0.03883   0.05532
    14/299     3.86G   0.03333   0.05788   0.05633    0.1475        49       640    0.6586    0.3514    0.1479    0.1026   0.02285   0.03615    0.0552
    15/299     3.86G   0.03223   0.05793   0.05627    0.1464        19       640    0.6547    0.3512    0.1545       0.1   0.02689   0.03971   0.05517
    16/299     3.86G   0.03238   0.05412   0.05626    0.1428        37       640    0.4952    0.5158    0.1469    0.1075   0.02044   0.03529   0.05513
    17/299     3.86G   0.03225   0.05651   0.05612    0.1449        29       640    0.4986    0.5089    0.1482   0.09792   0.02609   0.03716   0.05517
    18/299     3.86G    0.0318   0.05388   0.05623    0.1419        16       640    0.4915    0.5215    0.1443    0.1081   0.02076   0.03533   0.05518
    19/299     3.86G   0.03152   0.05461   0.05627    0.1424        24       640    0.4881    0.5249    0.1462    0.1076   0.02004   0.03493   0.05519
    20/299     3.86G   0.03084   0.05286   0.05613    0.1398        42       640    0.4985    0.5132     0.155     0.112   0.02243   0.03477   0.05493
    21/299     3.86G   0.03013   0.05252   0.05657    0.1392        55       640    0.4939      0.51    0.1593    0.1066   0.02401   0.03824    0.0549
    22/299     3.86G   0.02975   0.05272   0.05589    0.1384        20       640    0.5192    0.3781    0.1587    0.1109   0.02152   0.03402   0.05463
    23/299     3.86G   0.02808   0.05004   0.05555    0.1337        32       640    0.6452     0.381    0.1645    0.1172   0.02192    0.0364   0.05451
    24/299     3.86G   0.02733    0.0514   0.05555    0.1343        53       640    0.4818    0.5163    0.1649    0.1079   0.02374   0.03446   0.05416
    25/299     3.86G   0.02812   0.05015   0.05546    0.1337        39       640    0.4839    0.4863    0.1636    0.1065    0.0228   0.03419   0.05383
    26/299     3.86G   0.02827   0.05036   0.05507    0.1337         9       640    0.5791    0.3607    0.1766    0.1357   0.01782   0.03195   0.05311
    27/299     3.86G   0.02613   0.05011   0.05471    0.1309        15       640   0.08853    0.8067    0.1755    0.1313   0.01833   0.03198   0.05256
    28/299     3.86G   0.02523   0.04864   0.05406    0.1279        16       640   0.08732     0.739    0.1766    0.1287   0.01892   0.03325   0.05147
    29/299     3.86G   0.02705   0.05083   0.05357    0.1314        28       640    0.5789    0.3658    0.1855    0.1435   0.01809   0.03239   0.05035
    30/299     3.86G   0.02675   0.05042   0.05268    0.1298        17       640   0.08114    0.7864    0.1927    0.1408   0.02295   0.03406   0.04908
    31/299     3.86G   0.02727   0.04895   0.05189    0.1281        24       640    0.0833    0.8809    0.1861    0.1345   0.02033    0.0327   0.04838
    32/299     3.86G   0.02727   0.04984   0.05123    0.1283        25       640    0.5017    0.4184    0.2049    0.1631   0.01658   0.03089   0.04742
    33/299     3.86G   0.02603   0.05199   0.05202      0.13        20       640    0.5364    0.3553    0.2036    0.1472    0.0209   0.03635   0.05248
    34/299     3.86G   0.02511   0.04757    0.0507    0.1234        17       640    0.5172    0.3993    0.2064    0.1627   0.01722   0.03107   0.04714
    35/299     3.86G   0.02668   0.05008   0.05037    0.1271        42       640    0.5302    0.3771    0.2135    0.1587   0.02044   0.03324   0.04783
    36/299     3.86G   0.02725   0.04794   0.04939    0.1246        26       640    0.5328    0.4034    0.2222    0.1614   0.02121   0.03289   0.04603
    37/299     3.86G   0.02682   0.04805   0.04894    0.1238        15       640     0.528    0.3866    0.2285    0.1795   0.01803   0.03107   0.04546
    38/299     3.86G   0.02546   0.04611   0.04859    0.1202        25       640    0.5405    0.3783     0.228    0.1825   0.01621   0.03027   0.04531
    39/299     3.86G   0.02492   0.04735   0.04788    0.1201        34       640    0.6079    0.3795    0.2227    0.1634    0.0179   0.03089   0.04511
    40/299     3.86G    0.0232   0.04421   0.04713    0.1145        27       640    0.5364    0.3715    0.2228    0.1759   0.01732   0.03068   0.04535
    41/299     3.86G   0.02433   0.04695   0.04713    0.1184        24       640    0.6023     0.363    0.2293    0.1784   0.01777    0.0307   0.04455
    42/299     3.86G   0.02551   0.04684   0.04673    0.1191        12       640    0.5422    0.3579    0.2274    0.1804   0.01642   0.03073   0.04428
    43/299     3.86G    0.0254   0.04575   0.04657    0.1177        41       640    0.5431    0.3868    0.2378    0.1768   0.01961   0.03112   0.04403
    44/299     3.86G   0.02382   0.04506   0.04558    0.1145        20       640    0.4756    0.4317    0.2401    0.1915   0.01604   0.02924    0.0435
    45/299     3.86G   0.02255   0.04502   0.04581    0.1134        20       640    0.5386    0.4262    0.2459    0.1879   0.01794   0.03229   0.04279
    46/299     3.86G   0.02399   0.04464   0.04561    0.1142        24       640    0.4775    0.4362    0.2505    0.2022   0.01635   0.02987     0.043
    47/299     3.86G   0.02361   0.04468   0.04582    0.1141        50       640    0.4979    0.3637    0.2621    0.1983   0.01764   0.03069   0.04197
    48/299     3.86G   0.02354    0.0458   0.04504    0.1144        26       640    0.5588    0.3849    0.2709    0.2181   0.01563   0.02911   0.04132
    49/299     3.86G   0.02323   0.04539   0.04482    0.1134        24       640    0.4982    0.4258    0.2683    0.2109   0.01575   0.02876   0.04168
    50/299     3.86G   0.02287   0.04553   0.04403    0.1124        23       640    0.4952    0.3921     0.256    0.1926   0.01683   0.02961   0.04116
    51/299     3.86G   0.02247   0.04355   0.04415    0.1102        17       640     0.489    0.4493    0.2703    0.2203    0.0156   0.02918   0.04034
    52/299     3.86G   0.02352   0.04499   0.04334    0.1118        34       640     0.577    0.3647    0.2691    0.2134    0.0172   0.03106   0.03997
    53/299     3.86G   0.02306    0.0444   0.04323    0.1107        14       640    0.5711    0.3859    0.2628    0.1998   0.02066    0.0327   0.04037
    54/299     3.86G   0.02476    0.0461   0.04326    0.1141        33       640    0.5648     0.379    0.2921    0.2314   0.01723   0.02963   0.03907
    55/299     3.86G   0.02293   0.04662   0.04253    0.1121        29       640    0.5752    0.3999    0.2951    0.2377   0.01616   0.02971   0.03926
    56/299     3.86G   0.02152   0.04257   0.04247    0.1066        18       640    0.5892    0.4048    0.2971     0.232   0.01767   0.02987     0.038
    57/299     3.86G    0.0232   0.04541    0.0418    0.1104        28       640    0.5805    0.4077    0.2974     0.239   0.01625   0.02909   0.03781
    58/299     3.86G   0.02294   0.04419   0.04172    0.1088        24       640    0.5214    0.4666    0.3029    0.2335    0.0182   0.03079    0.0379
    59/299     3.86G   0.02343   0.04218   0.04164    0.1072        42       640    0.5195    0.4913    0.3064    0.2377   0.01692   0.02989   0.03806
    60/299     3.86G   0.02267   0.04381   0.04118    0.1077        13       640    0.5195    0.4604    0.3042    0.2446   0.01603   0.02849   0.03773
    61/299     3.86G   0.02211   0.04516   0.04104    0.1083        32       640    0.5332    0.4661    0.3084    0.2469   0.01625    0.0285   0.03686
    62/299     3.86G   0.02233   0.04202   0.04044    0.1048        16       640    0.5352    0.4728    0.3226    0.2589   0.01565   0.02856    0.0372
    63/299     3.86G   0.02244   0.04371   0.04013    0.1063        15       640    0.5487    0.4629    0.3202    0.2557   0.01634   0.02928   0.03589
    64/299     3.86G   0.02216   0.04426    0.0403    0.1067        44       640    0.6039    0.4509    0.3181    0.2522   0.01649   0.02967   0.03636
    65/299     3.86G   0.02188   0.04223   0.03987     0.104        26       640    0.5285    0.5085    0.3126    0.2585   0.01457   0.02785    0.0362
    66/299     3.86G   0.02112   0.04381   0.04017    0.1051        46       640    0.5197    0.5214    0.3283    0.2676   0.01534    0.0282   0.03547
    67/299     3.86G    0.0214    0.0412   0.03935    0.1019        11       640    0.5395    0.4952    0.3167     0.256   0.01568   0.02911   0.03583
    68/299     3.86G   0.02221   0.04327   0.03943    0.1049        23       640    0.5428    0.4256    0.3041    0.2435   0.01482   0.02793   0.03742
    69/299     3.86G    0.0219   0.04243   0.03926    0.1036        41       640     0.541    0.4616    0.3113    0.2518   0.01553   0.02859    0.0361
    70/299     3.86G   0.02263   0.04307   0.03844    0.1041        16       640     0.566    0.4624    0.3347    0.2759   0.01482   0.02823   0.03553
    71/299     3.86G    0.0218   0.04315   0.03899    0.1039        32       640    0.5464    0.4649      0.34    0.2729   0.01529   0.02836    0.0349
    72/299     3.86G   0.02025   0.04337    0.0382    0.1018        25       640    0.5696    0.4611    0.3492    0.2881   0.01458   0.02811   0.03384
    73/299     3.86G   0.02241   0.04388   0.03818    0.1045        34       640    0.5285    0.5137    0.3316    0.2736   0.01499   0.02816    0.0365
    74/299     3.86G   0.02177   0.04254   0.03792    0.1022        41       640    0.5534    0.5079    0.3574    0.2963   0.01485   0.02767   0.03386
    75/299     3.86G   0.02119   0.04209   0.03774     0.101        14       640    0.5641    0.4731    0.3619    0.2869   0.01519   0.02805   0.03335
    76/299     3.86G   0.02096   0.04217   0.03766    0.1008        29       640    0.5588    0.5002    0.3635    0.2985   0.01539   0.02817   0.03435
    77/299     3.86G   0.02044   0.04117   0.03727   0.09888        25       640    0.4964    0.4764    0.3475    0.2867   0.01462   0.02716   0.03396
    78/299     3.86G   0.02055   0.04129    0.0371   0.09894        64       640    0.5668    0.4879    0.3677    0.3035   0.01485   0.02781   0.03319
    79/299     3.86G   0.02131   0.04286   0.03678     0.101        32       640    0.5766    0.4876    0.3757    0.3113   0.01431   0.02778   0.03286
    80/299     3.86G   0.02189   0.04146   0.03665       0.1        24       640    0.5068    0.5469    0.3522    0.2894   0.01505   0.02816   0.03418
    81/299     3.86G   0.02125   0.04135   0.03689   0.09949        19       640    0.5687    0.5476    0.3834    0.3183   0.01405   0.02707   0.03182
    82/299     3.86G   0.02007   0.04244   0.03673   0.09924        42       640    0.5812    0.5264    0.3833     0.312   0.01464   0.02759   0.03293
    83/299     3.86G   0.02073   0.04308   0.03604   0.09985        74       640    0.5691     0.542    0.3944    0.3263   0.01429   0.02737   0.03174
    84/299     3.86G   0.02087   0.04178   0.03621   0.09886        30       640    0.5255    0.4741    0.3927    0.3195   0.01454   0.02728    0.0323
    85/299     3.86G   0.02109   0.04072   0.03567   0.09748        62       640    0.6694    0.4343     0.394     0.329   0.01392   0.02714   0.03184
    86/299     3.86G    0.0208   0.04095   0.03562   0.09738        11       640    0.5331     0.505     0.404     0.332   0.01469   0.02797   0.03153
    87/299     3.86G   0.02031   0.04049   0.03567   0.09647        35       640    0.4512     0.548    0.4113    0.3402   0.01382   0.02689   0.03202
    88/299     3.86G   0.01962   0.03992   0.03486    0.0944        28       640    0.5911    0.5247    0.4233    0.3504   0.01459    0.0274   0.03072
    89/299     3.86G   0.01954   0.04048   0.03489   0.09491        20       640    0.3152     0.648    0.4241    0.3506   0.01456   0.02764   0.03105
    90/299     3.86G   0.02011   0.04165   0.03511   0.09686        21       640    0.6187    0.4606    0.4345    0.3607   0.01435    0.0273   0.03049
    91/299     3.86G   0.02087   0.04224   0.03434   0.09746        15       640    0.3279    0.6858    0.4332     0.349   0.01515   0.02821   0.03374
    92/299     3.86G   0.02059   0.04056   0.03473   0.09588        19       640    0.3703    0.5738    0.4576    0.3838   0.01383   0.02686   0.03026
    93/299     3.86G   0.02041   0.04194   0.03391   0.09625        27       640     0.364    0.6589    0.4645    0.3691   0.01515   0.02758   0.03042
    94/299     3.86G   0.02124   0.04171     0.034   0.09695        24       640    0.3399     0.654    0.4552    0.3744   0.01411   0.02694   0.03027
    95/299     3.86G   0.01965   0.04029   0.03413   0.09406        21       640    0.3416    0.6607     0.457    0.3798     0.014   0.02682   0.02939
    96/299     3.86G    0.0196   0.04145   0.03337   0.09443        24       640    0.3847    0.6054    0.4549    0.3783   0.01403    0.0271   0.02983
    97/299     3.86G   0.02048   0.04011   0.03327   0.09385        16       640    0.3519    0.6859    0.4702    0.3874   0.01378   0.02696   0.03035
    98/299     3.86G   0.01932   0.04049   0.03282   0.09263        32       640    0.3816     0.688    0.4868    0.4064   0.01369   0.02647   0.02858
    99/299     3.86G   0.01923   0.04004   0.03272   0.09199        31       640     0.389      0.68    0.4811    0.3957   0.01438   0.02724   0.02886
   100/299     3.86G     0.022   0.04344   0.03251   0.09795        33       640    0.4012    0.6385    0.4987    0.4083   0.01486   0.02763   0.02761
   101/299     3.86G   0.01943   0.04012   0.03244     0.092        22       640    0.4283    0.6159    0.4936    0.4107   0.01375   0.02684   0.02851
   102/299     3.86G   0.01934   0.03995   0.03152   0.09081        36       640    0.5141    0.6375    0.5129    0.4221    0.0142   0.02688   0.02726
   103/299     3.86G    0.0203   0.04141   0.03118    0.0929        15       640    0.4213    0.6723     0.497    0.4133   0.01426   0.02692   0.02788
   104/299     3.86G   0.01922   0.04008   0.03131    0.0906        30       640    0.4052    0.6954    0.4957    0.4128   0.01362   0.02654   0.02805
   105/299     3.86G   0.02047    0.0402    0.0312   0.09188        47       640     0.369    0.7205    0.5304    0.4363   0.01509   0.02754   0.02738
   106/299     3.86G   0.01943   0.04009   0.03105   0.09057        19       640    0.4068    0.7018    0.5129    0.4316    0.0136   0.02657   0.02828
   107/299     3.86G   0.01971   0.04038   0.03053   0.09063        26       640    0.5952    0.5797    0.5172    0.4226   0.01447   0.02724   0.02673
   108/299     3.86G   0.02026   0.04033   0.03046   0.09105        26       640    0.3561    0.8175    0.5208    0.4339   0.01374   0.02704   0.02599
   109/299     3.86G   0.02026   0.04174   0.03018   0.09217        34       640    0.3754    0.7188    0.5297    0.4455   0.01362    0.0262   0.02575
   110/299     3.86G   0.01968   0.03907   0.03042   0.08917        13       640    0.4123    0.7086    0.5345    0.4464   0.01373    0.0264   0.02693
   111/299     3.86G    0.0199   0.03871   0.02922   0.08783        24       640    0.3568    0.7756      0.54     0.444   0.01442   0.02702   0.02564
   112/299     3.86G   0.01961   0.03937   0.02921   0.08819         9       640    0.3884    0.7621     0.547    0.4568   0.01358   0.02665   0.02516
   113/299     3.86G   0.01896   0.03783   0.02879   0.08558        18       640    0.3878    0.7966    0.5514    0.4645   0.01348   0.02603   0.02502
   114/299     3.86G   0.01964   0.03981   0.02856     0.088        39       640    0.4071    0.7478    0.5514    0.4672   0.01312   0.02601   0.02501
   115/299     3.86G   0.01895   0.03894   0.02876   0.08665        25       640    0.4051    0.7896    0.5563    0.4662   0.01334   0.02608   0.02595
   116/299     3.86G   0.01984   0.03907   0.02893   0.08784        24       640     0.384     0.784    0.5588    0.4713   0.01381   0.02668   0.02446
   117/299     3.86G   0.01929   0.03985   0.02843   0.08758        56       640    0.3987    0.7852    0.5584    0.4693   0.01356   0.02622   0.02622
   118/299     3.86G   0.01948   0.03891   0.02789   0.08628        25       640    0.4107    0.8127    0.5763    0.4855   0.01316   0.02598   0.02438
   119/299     3.86G   0.01921   0.03967   0.02824   0.08712        35       640     0.457    0.7742    0.5777    0.4842   0.01366    0.0264   0.02419
   120/299     3.86G   0.01996   0.03992   0.02753   0.08741        48       640    0.4008    0.8546    0.5908     0.498    0.0135   0.02597   0.02408
   121/299     3.86G   0.01879   0.03768   0.02754     0.084        17       640    0.4174    0.8154    0.5941    0.4949   0.01331   0.02608   0.02386
   122/299     3.86G    0.0183    0.0392   0.02679   0.08429        57       640    0.4439    0.7528    0.5997    0.5039   0.01321   0.02594   0.02369
   123/299     3.86G   0.01977   0.03923   0.02748   0.08648        19       640    0.4434    0.7844    0.5999    0.4994   0.01351   0.02639   0.02544
   124/299     3.86G   0.01936    0.0388   0.02709   0.08524        18       640    0.4495    0.7904    0.6003    0.5019    0.0135   0.02673   0.02405
   125/299     3.86G   0.01819   0.03886   0.02697   0.08401        24       640    0.4626    0.7651    0.6054    0.5119   0.01296   0.02555    0.0237
   126/299     3.86G   0.01878    0.0385    0.0265   0.08377        51       640    0.4407    0.7968    0.5985    0.4993   0.01348   0.02603    0.0238
   127/299     3.86G   0.01909   0.04057   0.02639   0.08605        25       640     0.413    0.8516    0.5969    0.5043   0.01329    0.0262   0.02401
   128/299     3.86G    0.0185   0.03871   0.02654   0.08375        23       640    0.4257    0.7996    0.5811    0.4873   0.01316   0.02602   0.02449
   129/299     3.86G    0.0183   0.03887    0.0267   0.08386        31       640    0.4389     0.856    0.6157     0.517   0.01319   0.02582   0.02316
   130/299     3.86G   0.01828   0.03775   0.02609   0.08212        22       640    0.4713    0.8048    0.6247    0.5258   0.01301   0.02564   0.02275
   131/299     3.86G   0.01886   0.03907   0.02591   0.08383        11       640    0.4513    0.8114    0.6195     0.521   0.01309   0.02601   0.02251
   132/299     3.86G   0.01903   0.03884   0.02551   0.08339        42       640    0.4546    0.8257    0.6177    0.5188   0.01338   0.02591   0.02294
   133/299     3.86G   0.01956   0.04041   0.02595   0.08592        29       640    0.4694    0.8399    0.6274     0.531   0.01304   0.02585   0.02218
   134/299     3.86G    0.0187   0.03931   0.02498   0.08299        23       640    0.4733    0.8246    0.6164    0.5217   0.01307    0.0257   0.02359
   135/299     3.86G   0.01753   0.03772   0.02566   0.08092        25       640    0.4682    0.8497    0.6294      0.53   0.01307   0.02561   0.02228
   136/299     3.86G   0.01811   0.03882    0.0252   0.08213        62       640    0.4821    0.7928    0.6329     0.535   0.01308   0.02574   0.02211
   137/299     3.86G   0.01853   0.03784   0.02448   0.08085        44       640    0.4666    0.8274    0.6274    0.5346   0.01292   0.02566   0.02274
   138/299     3.86G   0.01805   0.03941   0.02417   0.08163        19       640    0.4918    0.8081    0.6354    0.5377   0.01286    0.0255   0.02344
   139/299     3.86G   0.01775   0.03784   0.02417   0.07976        18       640     0.492    0.8315    0.6416    0.5399   0.01325   0.02578   0.02199
   140/299     3.86G    0.0176   0.03764   0.02486    0.0801        46       640     0.509    0.8111    0.6457    0.5439   0.01302   0.02555   0.02154
   141/299     3.86G   0.01739   0.03659    0.0244   0.07838        26       640    0.5155    0.8423    0.6563     0.557    0.0128   0.02546   0.02181
   142/299     3.86G   0.01811   0.03708   0.02467   0.07987        24       640    0.4973    0.8603    0.6587    0.5566   0.01291   0.02552     0.022
   143/299     3.86G     0.019   0.03804   0.02424   0.08127        17       640    0.5268    0.8149    0.6588    0.5562   0.01311   0.02556   0.02194
   144/299     3.86G   0.01832   0.03723   0.02437   0.07993        28       640    0.5054    0.8443    0.6687     0.564   0.01303   0.02581   0.02161
   145/299     3.86G   0.01833   0.03941   0.02399   0.08173        24       640    0.5108    0.8203    0.6604    0.5591   0.01271   0.02549   0.02173
   146/299     3.86G   0.01819   0.03731   0.02361   0.07911         7       640    0.5208    0.8113    0.6608    0.5582    0.0128   0.02575   0.02194
   147/299     3.86G   0.01754   0.03797   0.02327   0.07878        27       640    0.5331    0.7958    0.6623    0.5641   0.01287   0.02558   0.02176
   148/299     3.86G   0.01694   0.03793   0.02385   0.07872        25       640    0.5366    0.7964    0.6801    0.5781   0.01276   0.02534   0.02138
   149/299     3.86G   0.01757   0.03598   0.02363   0.07718        27       640    0.5247    0.8116    0.6598    0.5604   0.01302   0.02578   0.02145
   150/299     3.86G   0.01808   0.03789   0.02313    0.0791        40       640    0.5346    0.8041    0.6626    0.5631   0.01254   0.02514   0.02215
   151/299     3.86G   0.01727    0.0393   0.02288   0.07945        30       640    0.5037    0.8944    0.6727    0.5712   0.01264   0.02534   0.02109
   152/299     3.86G   0.01799   0.03795   0.02266    0.0786        31       640    0.5135    0.8674    0.6781    0.5647   0.01289   0.02536    0.0208
   153/299     3.86G   0.01792   0.03724   0.02268   0.07783        21       640    0.5912    0.7842     0.681    0.5778   0.01303   0.02553   0.02048
   154/299     3.86G   0.01709   0.03602   0.02256   0.07567        23       640    0.5031    0.8566    0.6806    0.5798   0.01265   0.02532   0.02048
   155/299     3.86G   0.01792   0.03689   0.02191   0.07671        31       640    0.4885    0.8583    0.6562    0.5538    0.0129   0.02562   0.02241
   156/299     3.86G   0.01753   0.03738   0.02156   0.07646        29       640    0.5138    0.8654    0.6786    0.5743   0.01294   0.02563    0.0212
   157/299     3.86G   0.01757   0.03741   0.02249   0.07748        35       640     0.504    0.8583    0.6814    0.5769   0.01268   0.02529   0.02135
   158/299     3.86G   0.01794   0.03827   0.02178     0.078        34       640    0.5082    0.8684    0.6744    0.5745   0.01263   0.02516    0.0205
   159/299     3.86G   0.01798   0.03752   0.02179   0.07728        35       640    0.5341    0.8235    0.6787    0.5757   0.01267   0.02542   0.02068
   160/299     3.86G     0.017   0.03547   0.02241   0.07488        19       640    0.5267    0.8356    0.6715    0.5723   0.01271   0.02528   0.02115
   161/299     3.86G   0.01759   0.03737   0.02205   0.07702        21       640    0.5253    0.8615    0.6955    0.5957   0.01262   0.02502   0.02119
   162/299     3.86G   0.01681   0.03655   0.02137   0.07473        17       640    0.5979    0.7999    0.6953    0.5942   0.01261   0.02505   0.02049
   163/299     3.86G   0.01757   0.03757   0.02122   0.07637        61       640     0.571    0.7987    0.6996    0.5921   0.01291    0.0255   0.02036
   164/299     3.86G   0.01763   0.03857   0.02095   0.07716        29       640    0.5203    0.8569    0.6951    0.5903   0.01273   0.02528   0.02069
   165/299     3.86G   0.01676   0.03725   0.02086   0.07487        19       640    0.5639     0.809    0.7144    0.6101   0.01242   0.02504   0.02018
   166/299     3.86G   0.01649   0.03434   0.02123   0.07207        11       640    0.5269    0.8418    0.7039    0.6018   0.01267   0.02531   0.02102
   167/299     3.86G   0.01758   0.03739   0.02092   0.07589        20       640    0.5575    0.7935    0.7147    0.6091   0.01273    0.0251   0.02014
   168/299     3.86G   0.01679   0.03632   0.02097   0.07408        36       640    0.5367    0.8584    0.6937    0.5936   0.01247   0.02498   0.01982
   169/299     3.86G   0.01704   0.03656   0.02055   0.07415        47       640    0.5354    0.8683     0.691     0.588   0.01266    0.0253   0.02061
   170/299     3.86G   0.01705   0.03778   0.02032   0.07515        12       640    0.5869     0.806    0.7136    0.6087   0.01264    0.0253   0.02074
   171/299     3.86G     0.017   0.03695    0.0199   0.07385        33       640    0.5306    0.8857    0.7079    0.6021   0.01274   0.02532   0.01989
   172/299     3.86G   0.01631   0.03667   0.01992    0.0729        45       640    0.5594    0.8505    0.7172    0.6136    0.0124   0.02491   0.02037
   173/299     3.86G   0.01626   0.03658   0.02015     0.073        65       640    0.5977    0.8232    0.7282    0.6221   0.01255   0.02502   0.01997
   174/299     3.86G   0.01701   0.03592   0.01976   0.07269        53       640     0.534    0.8727    0.7249    0.6175   0.01262   0.02516   0.02001
   175/299     3.86G   0.01706   0.03613   0.01939   0.07257        24       640    0.5914    0.8232    0.7252    0.6162   0.01255   0.02511   0.01996
   176/299     3.86G   0.01649    0.0352   0.01949   0.07119        21       640    0.6126    0.8081    0.7197    0.6138   0.01261   0.02524   0.01995
   177/299     3.05G   0.01654   0.03469    0.0205   0.07173        24       640    0.6543    0.7697    0.7315     0.625   0.01247     0.025   0.01966
   178/299     3.05G   0.01642   0.03606   0.01928   0.07177        32       640    0.5916    0.8082    0.7242    0.6201   0.01241   0.02497   0.01995
   179/299     3.05G   0.01655   0.03514   0.01978   0.07148        31       640    0.5809    0.8274    0.7188    0.6169   0.01231   0.02476   0.01984
   180/299     3.05G     0.016   0.03549   0.01903   0.07052        36       640    0.5738    0.8254    0.7141     0.612   0.01235   0.02488   0.02035
   181/299     3.05G   0.01672   0.03673   0.01887   0.07232        46       640    0.5558    0.8599    0.7162    0.6118   0.01255   0.02505   0.02029
   182/299     3.05G   0.01685   0.03668   0.01945   0.07298        21       640    0.6712    0.7743    0.7357    0.6301   0.01239   0.02482   0.02013
   183/299     3.05G   0.01619   0.03532    0.0186   0.07011        17       640    0.5426    0.8574    0.7149      0.61   0.01243   0.02505    0.0207
   184/299     3.05G   0.01621   0.03541   0.01853   0.07016        43       640    0.5589     0.831    0.7267    0.6181    0.0126   0.02503   0.01994
   185/299     3.05G   0.01657   0.03578   0.01866     0.071        25       640    0.5626    0.8591    0.7366    0.6254   0.01246   0.02484   0.01964
   186/299     3.05G   0.01641   0.03665   0.01815   0.07121        24       640     0.577    0.8279    0.7362    0.6273   0.01234   0.02486   0.02056
   187/299     3.05G   0.01656    0.0369    0.0183   0.07175        24       640    0.5416    0.8735    0.7311    0.6221   0.01248   0.02494   0.01983
   188/299     3.05G   0.01609   0.03526   0.01778   0.06913        10       640    0.5476    0.8614    0.7241     0.622   0.01238   0.02482   0.02117
   189/299     3.05G   0.01565   0.03421   0.01826   0.06813        23       640    0.6799    0.7592    0.7368    0.6322   0.01243   0.02499   0.01958
   190/299     3.05G   0.01666   0.03592   0.01765   0.07023        16       640    0.6706    0.7377    0.7417    0.6363   0.01233   0.02487   0.01991
   191/299     3.05G   0.01579   0.03571   0.01792   0.06943        49       640    0.6798    0.7354    0.7437    0.6357   0.01231    0.0249   0.01989
   192/299     3.05G   0.01547   0.03507    0.0191   0.06964        19       640    0.6749    0.7759    0.7458     0.639   0.01224   0.02486   0.01948
   193/299     3.05G    0.0161   0.03458   0.01743   0.06811        37       640    0.5952    0.8419     0.742    0.6334   0.01232   0.02485   0.01977
   194/299     3.05G   0.01628   0.03655   0.01722   0.07004        29       640    0.6594     0.772    0.7423    0.6377   0.01231   0.02471   0.01948
   195/299     3.05G   0.01556   0.03476   0.01731   0.06763        16       640    0.6722    0.7824    0.7339    0.6317   0.01232   0.02482   0.02043
   196/299     3.05G   0.01567   0.03573    0.0172    0.0686        24       640    0.6592    0.7728    0.7355    0.6306   0.01229   0.02482   0.02022
   197/299     3.05G   0.01598   0.03511   0.01743   0.06853        42       640    0.7102    0.7059    0.7377    0.6348   0.01222   0.02484   0.02025
   198/299     3.05G   0.01591   0.03471   0.01695   0.06758        55       640    0.6922    0.7344    0.7413    0.6357   0.01223   0.02478   0.01987
   199/299     3.05G   0.01558   0.03513   0.01689   0.06759        20       640    0.5942    0.8035    0.7418    0.6363   0.01227   0.02487   0.01976
   200/299     3.05G   0.01566   0.03415    0.0168   0.06661        32       640     0.572    0.8528    0.7458    0.6381   0.01224   0.02461   0.02066
   201/299     3.05G   0.01607   0.03563   0.01654   0.06824        53       640    0.5747    0.8325    0.7378    0.6316   0.01228   0.02469   0.01985
   202/299     3.05G   0.01602   0.03481   0.01729   0.06811        39       640    0.6809    0.7365    0.7446    0.6401    0.0123   0.02477   0.01984
   203/299     3.05G   0.01564   0.03481   0.01628   0.06673         9       640    0.6142    0.8007    0.7442      0.64   0.01221   0.02469   0.02016
   204/299     3.05G   0.01592   0.03547   0.01707   0.06846        15       640    0.5911    0.8344    0.7416    0.6385   0.01228   0.02478   0.02028
   205/299     3.05G   0.01557   0.03509   0.01689   0.06754        16       640    0.5974    0.8112    0.7453     0.639   0.01232   0.02489   0.02037
   206/299     3.05G   0.01569   0.03503   0.01639   0.06711        28       640    0.6812    0.7461    0.7482    0.6441   0.01219   0.02459   0.01991
   207/299     3.05G   0.01636    0.0363   0.01646   0.06912        17       640    0.6889    0.7412    0.7506    0.6444   0.01223   0.02479   0.02006
   208/299     3.05G   0.01568   0.03419   0.01553   0.06539        24       640    0.6917    0.7608    0.7571    0.6513   0.01222   0.02477   0.01991
   209/299     3.05G   0.01542    0.0348     0.016   0.06623        25       640    0.6998    0.7453    0.7584    0.6528   0.01216   0.02477   0.01983
   210/299     3.05G    0.0153   0.03548   0.01628   0.06706        20       640    0.7069    0.7401     0.755     0.649   0.01221   0.02473   0.01989
   211/299     3.05G   0.01573   0.03386   0.01559   0.06518        17       640    0.7023    0.7541    0.7592    0.6556   0.01213   0.02454   0.02011
   212/299     3.05G   0.01582   0.03559   0.01669   0.06809        42       640    0.7061    0.7424    0.7656    0.6596   0.01211   0.02465   0.01925
   213/299     3.05G   0.01499   0.03324   0.01578   0.06401        26       640    0.6957    0.7525    0.7703    0.6627   0.01216   0.02491   0.01957
   214/299     3.05G   0.01517   0.03402   0.01563   0.06482        15       640    0.7266    0.7372     0.761     0.656   0.01215   0.02481   0.01993
   215/299     3.05G   0.01536   0.03308   0.01585   0.06429        25       640    0.5793    0.8495    0.7503     0.651   0.01209   0.02459   0.02017
   216/299     3.05G   0.01486   0.03412   0.01499   0.06397        34       640    0.6623    0.7597    0.7581    0.6527    0.0121   0.02454   0.02032
   217/299     3.05G   0.01482    0.0329   0.01548   0.06319        27       640    0.7409    0.7108    0.7625    0.6556   0.01207   0.02457    0.0201
   218/299     3.05G   0.01515   0.03401   0.01544    0.0646        24       640    0.6507    0.7452    0.7651    0.6594   0.01214   0.02458      0.02
   219/299     3.05G   0.01518   0.03392   0.01477   0.06387        12       640    0.7439    0.7223    0.7637    0.6571   0.01215   0.02457   0.02083
   220/299     3.05G   0.01554   0.03362   0.01518   0.06435        41       640    0.7259    0.7173    0.7652    0.6587   0.01224   0.02468   0.02017
   221/299     3.05G   0.01492   0.03336   0.01486   0.06314        20       640    0.7403    0.7388    0.7676    0.6624   0.01211    0.0246   0.01978
   222/299     3.05G    0.0147   0.03297   0.01487   0.06253        20       640    0.7262    0.7276    0.7659    0.6607   0.01208    0.0247   0.02045
   223/299     3.05G   0.01535   0.03349   0.01422   0.06306        24       640    0.6211    0.8293    0.7611     0.656   0.01218   0.02469   0.02039
   224/299     3.05G   0.01515   0.03335   0.01471    0.0632        50       640    0.6605    0.7501    0.7679    0.6617   0.01216   0.02468   0.02035
   225/299     3.05G   0.01481   0.03395   0.01459   0.06336        26       640    0.6109    0.8423    0.7593    0.6537   0.01214    0.0247   0.02164
   226/299     3.05G   0.01501   0.03407   0.01423   0.06331        24       640    0.6482    0.7499    0.7668    0.6605    0.0121   0.02468   0.02081
   227/299     3.05G   0.01483   0.03399   0.01405   0.06287        23       640    0.6611    0.7563    0.7706    0.6654    0.0121   0.02455   0.02049
   228/299     3.05G   0.01491   0.03303   0.01428   0.06222        17       640    0.6697    0.7574    0.7766    0.6704   0.01203   0.02462   0.02015
   229/299     3.05G   0.01461   0.03323   0.01365   0.06149        34       640    0.6503    0.7461    0.7717    0.6659   0.01202   0.02459   0.01995
   230/299     3.05G   0.01527   0.03316   0.01393   0.06236        14       640    0.7327    0.7342    0.7677     0.665   0.01204   0.02454   0.02037
   231/299     3.05G   0.01491   0.03384   0.01372   0.06246        33       640    0.7307    0.7575    0.7767    0.6711   0.01195   0.02444   0.02114
   232/299     3.05G   0.01441   0.03422   0.01334   0.06197        29       640    0.7327    0.7647    0.7801    0.6757   0.01205   0.02448   0.02097
   233/299     3.05G    0.0146   0.03224   0.01359   0.06044        18       640    0.7376    0.7415    0.7757    0.6696   0.01208   0.02446   0.02039
   234/299     3.05G   0.01502   0.03439   0.01384   0.06325        28       640    0.6736    0.7604    0.7789    0.6745   0.01203   0.02442   0.02015
   235/299     3.05G   0.01559   0.03401   0.01307   0.06267        24       640    0.6351    0.8397     0.775    0.6668   0.01212   0.02454   0.02099
   236/299     3.05G   0.01498   0.03199   0.01389   0.06086        42       640    0.7348     0.768    0.7671    0.6613   0.01209   0.02462   0.02153
   237/299     3.05G   0.01448   0.03271   0.01361    0.0608        13       640    0.7387    0.7504    0.7715    0.6651    0.0121   0.02481   0.02078
   238/299     3.05G   0.01469   0.03428    0.0134   0.06237        32       640    0.6775    0.7721    0.7657    0.6617   0.01206   0.02458   0.02121
   239/299     3.05G   0.01422   0.03206   0.01363   0.05991        16       640    0.6765    0.7825    0.7672    0.6623     0.012   0.02465   0.02039
   240/299     3.05G   0.01497   0.03325   0.01306   0.06128        15       640    0.6418    0.8299    0.7708    0.6667   0.01204   0.02459   0.02061
   241/299     3.05G   0.01448   0.03327   0.01328   0.06103        44       640    0.6628    0.7908    0.7678    0.6621   0.01207   0.02473   0.02126
   242/299     3.05G   0.01483    0.0325   0.01296   0.06028        26       640    0.6628    0.8041    0.7746     0.667   0.01202   0.02464   0.02125
   243/299     3.05G   0.01526   0.03466   0.01335   0.06327        46       640    0.6419    0.8208    0.7754    0.6675   0.01206   0.02467   0.02044
   244/299     3.05G   0.01487   0.03239   0.01263   0.05989        11       640    0.7117    0.7485    0.7767    0.6704     0.012   0.02464   0.02061
   245/299     3.05G   0.01461   0.03275   0.01295   0.06031        23       640    0.6847     0.789    0.7805    0.6751   0.01195    0.0245   0.02047
   246/299     3.05G   0.01428   0.03211   0.01248   0.05887        41       640    0.6933    0.7636    0.7715     0.667   0.01202   0.02456   0.02058
   247/299     3.05G   0.01468   0.03275   0.01245   0.05988        16       640    0.6728    0.8151    0.7788    0.6731   0.01207   0.02458   0.02021
   248/299     3.05G   0.01466   0.03317   0.01243   0.06026        32       640    0.6554     0.817    0.7813     0.675   0.01202    0.0246    0.0201
   249/299     3.05G   0.01431   0.03334   0.01254   0.06019        25       640    0.7593    0.7405    0.7813    0.6758   0.01198   0.02457   0.02061
   250/299     3.05G   0.01471   0.03338   0.01221    0.0603        34       640    0.6488    0.8207    0.7816     0.674   0.01202   0.02464   0.02116
   251/299     3.05G   0.01491   0.03324   0.01215   0.06031        41       640     0.655     0.838     0.782    0.6749     0.012    0.0245   0.02111
   252/299     3.05G   0.01429   0.03255    0.0121   0.05895        14       640     0.642    0.8414    0.7826    0.6758   0.01208   0.02462   0.02124
   253/299     3.05G   0.01421   0.03255   0.01215   0.05891        29       640    0.6609    0.8313    0.7755    0.6719   0.01197    0.0245   0.02153
   254/299     3.05G   0.01428   0.03205   0.01165   0.05797        25       640    0.6567    0.8087    0.7756    0.6734   0.01194   0.02444   0.02155
   255/299     3.05G   0.01428   0.03217   0.01215    0.0586        64       640    0.6724    0.8191    0.7836    0.6767   0.01196   0.02429   0.02109
   256/299     3.05G   0.01473   0.03324   0.01188   0.05985        32       640    0.6936    0.7997    0.7786    0.6757   0.01193   0.02436   0.02175
   257/299     3.05G   0.01424   0.03173   0.01171   0.05768        24       640    0.6757    0.7983    0.7822    0.6767     0.012   0.02452   0.02135
   258/299     3.05G   0.01408   0.03186   0.01207   0.05801        19       640      0.66    0.8231    0.7885    0.6817   0.01196   0.02443   0.02168
   259/299     3.05G    0.0144    0.0334   0.01201   0.05981        42       640    0.6715    0.8078    0.7878    0.6821   0.01197   0.02443   0.02201
   260/299     3.05G   0.01458   0.03379   0.01159   0.05997        74       640     0.644    0.8395    0.7894    0.6842   0.01196   0.02456   0.02129
   261/299     3.05G   0.01489    0.0329   0.01151   0.05929        30       640    0.6421    0.8544    0.7844    0.6805   0.01194   0.02447   0.02135
   262/299     3.05G   0.01394   0.03124   0.01154   0.05672        62       640     0.662    0.8221    0.7712     0.668   0.01196    0.0245   0.02226
   263/299     3.05G   0.01408   0.03183   0.01159    0.0575        11       640    0.6658    0.8287     0.774    0.6706   0.01197   0.02448   0.02241
   264/299     3.05G   0.01399   0.03163   0.01135   0.05698        35       640    0.6748    0.8132    0.7796    0.6741   0.01189   0.02432   0.02221
   265/299     3.05G   0.01408   0.03181   0.01163   0.05752        28       640    0.6683    0.8364     0.787    0.6811   0.01194   0.02445   0.02182
   266/299     3.05G   0.01448   0.03241   0.01138   0.05826        20       640    0.6779    0.8346    0.7919    0.6866     0.012   0.02455   0.02101
   267/299     3.05G   0.01405   0.03253   0.01151    0.0581        21       640    0.6687    0.8377    0.7938    0.6872   0.01195   0.02447   0.02139
   268/299     3.05G   0.01412   0.03271   0.01107    0.0579        15       640     0.674    0.8219    0.7884    0.6834   0.01193   0.02462   0.02233
   269/299     3.05G   0.01389   0.03172   0.01134   0.05695        19       640     0.667    0.8479    0.7952    0.6878    0.0119   0.02457    0.0215
   270/299     3.05G   0.01405   0.03276   0.01069    0.0575        27       640    0.6666    0.8381    0.7911    0.6848   0.01193   0.02452   0.02182
   271/299     3.05G   0.01454   0.03232   0.01126   0.05812        24       640    0.6742    0.8253    0.7914    0.6823   0.01192   0.02454   0.02179
   272/299     3.05G   0.01393   0.03166    0.0116   0.05719        21       640    0.6799     0.833    0.7914    0.6852   0.01193   0.02445   0.02143
   273/299     3.05G   0.01459   0.03272   0.01115   0.05846        24       640    0.6738    0.8371    0.7962    0.6906    0.0119   0.02436   0.02118
   274/299     3.05G   0.01374   0.03142   0.01103    0.0562        16       640    0.6713    0.8359    0.7934    0.6882   0.01187   0.02431   0.02186
   275/299     3.05G   0.01393   0.03177   0.01078   0.05648        32       640    0.7017    0.8056    0.7905    0.6888   0.01184    0.0243    0.0223
   276/299     3.05G   0.01414   0.03211   0.01088   0.05713        31       640    0.6842    0.8193     0.796    0.6907   0.01192   0.02459   0.02161
   277/299     3.05G   0.01457   0.03334    0.0105   0.05842        33       640      0.68    0.8312    0.7904    0.6846   0.01191   0.02444   0.02173
   278/299     3.05G   0.01393   0.03191   0.01134   0.05718        22       640    0.6801    0.8231     0.795    0.6906   0.01186   0.02447   0.02143
   279/299     3.05G   0.01408   0.03213   0.01063   0.05684        36       640    0.6877    0.8371    0.8011    0.6931   0.01195   0.02452   0.02113
   280/299     3.05G   0.01404    0.0324   0.01115   0.05759        15       640    0.6821    0.8264    0.7944    0.6883   0.01192   0.02448   0.02182
   281/299     3.05G   0.01397   0.03205   0.01072   0.05674        30       640    0.6675    0.8564       0.8    0.6947   0.01188   0.02449   0.02172
   282/299     3.05G   0.01404   0.03149   0.01035   0.05589        47       640    0.6789    0.8371    0.7944    0.6867   0.01185   0.02455   0.02182
   283/299     3.05G   0.01443   0.03193   0.01026   0.05662        19       640    0.6997     0.827    0.7908    0.6849   0.01188   0.02438   0.02233
   284/299     3.05G   0.01439   0.03222   0.01035   0.05696        26       640    0.6946    0.8142    0.7908    0.6853   0.01188   0.02446   0.02154
   285/299     3.05G   0.01407   0.03156   0.01035   0.05598        26       640    0.6722    0.8554    0.7873    0.6825   0.01199   0.02448   0.02158
   286/299     3.05G   0.01392    0.0327   0.01028   0.05689        34       640    0.6898    0.8282    0.7926    0.6874   0.01192   0.02448   0.02147
   287/299     3.05G   0.01387   0.03122   0.01061    0.0557        13       640    0.6919     0.828    0.7977    0.6901   0.01191   0.02451   0.02129
   288/299     3.05G   0.01382   0.03057   0.01069   0.05508        24       640    0.7369    0.7692    0.7974    0.6912   0.01193   0.02452    0.0216
   289/299     3.05G   0.01366   0.03104    0.0101   0.05481         9       640    0.7001    0.8191    0.7915    0.6859   0.01193   0.02466   0.02199
   290/299     3.05G   0.01389    0.0304   0.01031    0.0546        18       640    0.7112    0.8031    0.7942    0.6866   0.01191   0.02448   0.02196
   291/299     3.05G   0.01419     0.032   0.01011    0.0563        39       640    0.6863    0.8332    0.7984    0.6925   0.01194   0.02465   0.02215
   292/299     3.05G    0.0143   0.03148   0.01039   0.05617        25       640    0.6894     0.832    0.7989    0.6886   0.01197   0.02461   0.02223
   293/299     3.05G   0.01395    0.0309   0.01007   0.05492        24       640    0.6917     0.827    0.7939     0.687   0.01191   0.02467   0.02218
   294/299     3.05G    0.0139   0.03129   0.01039   0.05558        56       640    0.6892    0.8102    0.7919    0.6849   0.01192   0.02446   0.02271
   295/299     3.05G   0.01367   0.03068  0.009974   0.05432        25       640    0.7012    0.8228    0.7963    0.6905   0.01187   0.02455   0.02225
   296/299     3.05G    0.0139    0.0316  0.009976   0.05547        35       640    0.6988    0.8233    0.7963      0.69   0.01189   0.02464   0.02275
   297/299     3.05G   0.01448   0.03222  0.009815   0.05651        48       640    0.7017    0.8364    0.8033    0.6962   0.01193   0.02463   0.02247
   298/299     3.05G   0.01373   0.03026    0.0099   0.05388        17       640    0.7008    0.8358    0.7999    0.6935    0.0119    0.0245   0.02261
   299/299     3.05G   0.01392   0.03177  0.009578   0.05527        57       640    0.6891    0.8449    0.7976    0.6915   0.01191   0.02455   0.02197
