     0/299     3.59G   0.06869     0.519   0.08849    0.6762        24       640   0.06667  0.001626 3.044e-08 3.044e-09    0.3252     20.74    0.2289
     1/299     3.79G   0.07583   0.03423    0.1064    0.2165        29       640   0.03576      0.33   0.02785  0.006557    0.1195   0.03495   0.09498
     2/299      3.8G   0.07312    0.0305   0.07357    0.1772        35       640  0.003448   0.04058 0.0004742 7.733e-05     0.227   0.03507   0.09582
     3/299      3.8G   0.07125   0.02914   0.05119    0.1516        52       640    0.1333 7.491e-05  3.65e-08  4.14e-09    0.2507    0.4508   0.09839
     4/299      3.8G   0.09545   0.01733   0.05295    0.1657        13       640    0.2235   0.06254   0.02036  0.003773    0.2286   0.09652   0.05233
     5/299      3.8G   0.08746   0.01531   0.04423     0.147         8       640    0.6184    0.1339   0.02034  0.003899    0.1924   0.07256   0.04947
     6/299      3.8G   0.07628    0.0168   0.03479    0.1279        28       640    0.6347    0.2478   0.05096   0.01675    0.1505    0.1511   0.04697
     7/299      3.8G   0.06762   0.01873   0.03422    0.1206        15       640    0.5097    0.4528   0.07322   0.03203    0.1042    0.1779   0.04321
     8/299      3.8G   0.06039   0.02065    0.0353    0.1163        25       640    0.5183    0.3717   0.07123   0.03732   0.09729    0.1407   0.04278
     9/299      3.8G   0.05033   0.02242   0.03542    0.1082        14       640    0.4083    0.5083   0.09903   0.05784   0.09607   0.08733   0.04336
    10/299      3.8G   0.04854    0.0242   0.03476    0.1075        24       640    0.5337     0.341    0.1032   0.05707    0.1094    0.0659   0.04399
    11/299      3.8G   0.04529   0.02505   0.03416    0.1045        26       640    0.5996    0.2289   0.09936    0.0553    0.1008   0.05587     0.044
    12/299      3.8G     0.046   0.02492   0.03443    0.1053        22       640    0.5255    0.3711   0.09233   0.05976   0.09636   0.04734   0.04411
    13/299      3.8G   0.04114   0.02511    0.0336   0.09986        31       640    0.5276    0.2851   0.09792   0.05547    0.1006   0.04732    0.0443
    14/299      3.8G   0.04155   0.02544   0.03301       0.1         7       640    0.5433     0.323    0.1098    0.0721   0.09317   0.04634    0.0444
    15/299      3.8G     0.041   0.02543   0.03351   0.09993        27       640    0.5939    0.2614    0.1065   0.04377    0.1104   0.04161   0.04505
    16/299      3.8G   0.04482   0.02578   0.03331    0.1039        18       640    0.4634    0.4753   0.09163   0.04045    0.1226   0.04634   0.05705
    17/299      3.8G   0.03832   0.02623   0.03329   0.09783        19       640    0.6106    0.2742    0.1067   0.04883    0.1037   0.04149   0.04453
    18/299      3.8G   0.03658   0.02549   0.03299   0.09506        28       640    0.5448    0.3903    0.1053   0.07251   0.09237   0.04475   0.04486
    19/299      3.8G   0.03778    0.0255   0.03296   0.09623        13       640    0.5442    0.3703     0.112   0.07357   0.09354   0.04091   0.04505
    20/299      3.8G   0.03425    0.0242   0.03279   0.09124        30       640    0.5426    0.3745    0.1143    0.0689     0.102   0.03414   0.04584
    21/299      3.8G   0.03552   0.02484   0.03273    0.0931        23       640    0.5514     0.322    0.1038   0.07015   0.09665   0.03112   0.04472
    22/299      3.8G   0.03468    0.0251   0.03279   0.09257        22       640    0.5566    0.3325    0.1156   0.08145   0.09619   0.02732   0.04479
    23/299      3.8G   0.03505   0.02386   0.03285   0.09176        25       640    0.5632    0.2929    0.1144   0.07194    0.1001   0.03671   0.04711
    24/299      3.8G   0.03354   0.02484   0.03299   0.09138        21       640    0.5446     0.373    0.1074   0.07195   0.09667    0.0348   0.04574
    25/299      3.8G    0.0333   0.02533   0.03268   0.09131        14       640    0.5588    0.4099    0.1195   0.08589   0.09338   0.03276    0.0454
    26/299      3.8G   0.03229   0.02493   0.03284   0.09007        32       640    0.4755    0.5094    0.1159   0.06976    0.1065   0.03521   0.05404
    27/299      3.8G   0.03248   0.02472   0.03263   0.08983        30       640    0.5675    0.3329    0.1121   0.08555   0.08939   0.03665   0.04512
    28/299      3.8G    0.0322   0.02347    0.0327   0.08837        38       640    0.5818    0.3161     0.133   0.09423   0.09238   0.03473   0.04503
    29/299      3.8G   0.03075   0.02489   0.03254   0.08818        14       640    0.5819    0.3243    0.1303   0.09482   0.09132    0.0366   0.04489
    30/299      3.8G    0.0318   0.02403   0.03241   0.08825        27       640    0.5571    0.2997    0.1063   0.07779    0.1083    0.0422   0.05725
    31/299      3.8G   0.03352   0.02424   0.03236   0.09013        17       640    0.5347    0.4728    0.1221   0.09347   0.08732   0.04195    0.0452
    32/299      3.8G   0.03053   0.02463   0.03246   0.08761         7       640    0.5509    0.4165    0.1226   0.09052   0.08501    0.0399    0.0452
    33/299      3.8G   0.03082   0.02377    0.0323   0.08689        22       640    0.5566    0.3214    0.1192   0.08661   0.08724   0.04167   0.04511
    34/299      3.8G    0.0285   0.02566   0.03217   0.08633        49       640    0.5501    0.4262    0.1281   0.09389   0.08022   0.05064   0.04526
    35/299      3.8G   0.02951   0.02528   0.03214   0.08693        18       640    0.5804    0.2824    0.1244   0.09324   0.07623   0.04877   0.04554
    36/299      3.8G   0.02909   0.02612    0.0322   0.08741        17       640    0.5569    0.3728     0.126    0.0906   0.07083   0.04103   0.04581
    37/299      3.8G   0.02969   0.02673    0.0323   0.08873        24       640    0.5749    0.2977    0.1237   0.09098    0.0718   0.03038   0.04624
    38/299      3.8G   0.02808   0.02734   0.03174   0.08717        15       640    0.5726    0.3047    0.1151   0.08662   0.06934   0.03096   0.04734
    39/299      3.8G    0.0275   0.02743   0.03117   0.08611        23       640    0.5669    0.3788    0.1132   0.08557   0.06659   0.03137   0.04781
    40/299      3.8G   0.02667   0.02755   0.03076   0.08497        37       640    0.5493    0.3771    0.1142   0.08643   0.06779   0.03051   0.04881
    41/299      3.8G   0.02788   0.02638   0.03095   0.08521        22       640    0.5602    0.3514    0.1323    0.1009    0.0668    0.0312   0.04895
    42/299      3.8G   0.02733   0.02662   0.03072   0.08467        39       640    0.5678     0.388    0.1398    0.1067   0.06554    0.0304   0.04917
    43/299      3.8G     0.026   0.02784   0.03022   0.08406        30       640    0.5639    0.3916    0.1432    0.1116   0.06606   0.02952   0.04937
    44/299      3.8G   0.02629   0.02688   0.03021   0.08338        18       640    0.5763    0.4247    0.1634    0.1206   0.06732    0.0291   0.04957
    45/299      3.8G   0.02602   0.02717   0.03033   0.08351         9       640    0.5708    0.3925    0.1487    0.1146   0.06533   0.03069   0.04943
    46/299      3.8G   0.02455   0.02721   0.03007   0.08183        15       640    0.5821    0.3792    0.1535    0.1194   0.06573   0.03052   0.04967
    47/299      3.8G   0.02518   0.02644   0.03019   0.08182         7       640    0.5581    0.4375    0.1632    0.1187   0.06742   0.03026   0.04955
    48/299      3.8G   0.02494   0.02719   0.03011   0.08224         7       640    0.5891    0.4284    0.1918    0.1494   0.06591    0.0285   0.04993
    49/299      3.8G   0.02552   0.02585   0.02973    0.0811        10       640    0.5712    0.4305    0.1774    0.1317   0.06692   0.03085   0.04964
    50/299      3.8G   0.02393   0.02671   0.02969   0.08034        29       640    0.5786    0.4705    0.1937    0.1433   0.06664   0.02948   0.05003
    51/299      3.8G   0.02419   0.02517   0.02978   0.07913        19       640    0.5687    0.4505    0.1858     0.143   0.06603    0.0293   0.05008
    52/299      3.8G   0.02467   0.02646    0.0296   0.08073        17       640    0.5924    0.4136    0.1982    0.1527     0.064   0.03101   0.05069
    53/299      3.8G   0.02522   0.02528   0.02941   0.07991        26       640    0.5669    0.4513    0.1889    0.1422   0.06795   0.03213   0.05008
    54/299      3.8G   0.02375   0.02623   0.02916   0.07915        41       640      0.59    0.4253    0.2125    0.1652   0.06731   0.02984   0.05011
    55/299      3.8G   0.02341   0.02674   0.02896   0.07911         9       640    0.5722    0.4362    0.1941    0.1499   0.06579   0.03128   0.04965
    56/299      3.8G   0.02336   0.02541   0.02889   0.07767        36       640    0.5913    0.4576    0.2229    0.1743    0.0645   0.03037   0.05034
    57/299      3.8G    0.0228   0.02491   0.02877   0.07649        31       640    0.4071    0.5249    0.1558    0.1222   0.06738   0.03426   0.04977
    58/299      3.8G   0.02479    0.0258   0.02869   0.07928        46       640    0.5627    0.3875    0.1588    0.1119   0.07346   0.03359   0.04924
    59/299      3.8G   0.02464   0.02592   0.02864    0.0792        42       640    0.6004    0.3673    0.2063    0.1613   0.06356   0.03033   0.05032
    60/299      3.8G   0.02462   0.02531   0.02854   0.07846        16       640    0.5652     0.342    0.1518    0.1162   0.06817   0.03527   0.04925
    61/299      3.8G   0.02254   0.02429   0.02846   0.07529        14       640    0.6109    0.4033    0.2403    0.1879   0.06429   0.03256   0.04945
    62/299      3.8G   0.02368   0.02593   0.02784   0.07746        16       640    0.6014    0.3798    0.2231    0.1728   0.06441   0.03413   0.04941
    63/299      3.8G   0.02409   0.02421   0.02816   0.07646        29       640    0.5921     0.412    0.2241    0.1774   0.06221   0.03506   0.04929
    64/299      3.8G     0.024   0.02529   0.02791   0.07721        27       640    0.6156    0.4017    0.2439    0.1929   0.06226   0.03441   0.04904
    65/299      3.8G   0.02252   0.02444   0.02762   0.07457        12       640    0.6122    0.3919    0.2401    0.1916   0.06182   0.03443   0.04916
    66/299      3.8G    0.0226   0.02511    0.0273   0.07502        31       640    0.6073    0.3967    0.2206    0.1779   0.06195   0.03946   0.04875
    67/299      3.8G   0.02255   0.02583   0.02726   0.07564         8       640     0.536    0.3769     0.194    0.1491   0.06557   0.04583   0.04896
    68/299      3.8G   0.02438   0.02468   0.02748   0.07655        35       640    0.6122    0.4169    0.2118     0.173   0.05726   0.04276   0.04874
    69/299      3.8G   0.02316   0.02595   0.02697   0.07608        28       640    0.5362    0.3875    0.2142    0.1696   0.05634     0.043    0.0484
    70/299      3.8G   0.02147   0.02468   0.02626   0.07241        18       640    0.4575    0.4119    0.2157    0.1693   0.05512   0.04361   0.04841
    71/299      3.8G   0.02088   0.02557   0.02628   0.07273        15       640    0.6161    0.3303    0.2393     0.192   0.05063   0.04363   0.04801
    72/299      3.8G   0.02257   0.02559   0.02579   0.07395        17       640    0.6161    0.3644    0.2393    0.1868   0.05007    0.0445   0.04766
    73/299      3.8G   0.02242   0.02604   0.02492   0.07338        27       640    0.6099    0.3687     0.218    0.1751   0.04925   0.04541   0.04797
    74/299      3.8G   0.02224   0.02612   0.02479   0.07316        63       640     0.612    0.3664    0.2373    0.1943   0.04581   0.04334   0.04821
    75/299      3.8G   0.02231   0.02535   0.02459   0.07225        27       640    0.6021    0.3891    0.2495    0.2017    0.0448   0.04215   0.04846
    76/299      3.8G   0.02141   0.02585   0.02471   0.07197        12       640    0.5249    0.3646    0.2215    0.1788   0.04385   0.03863   0.04923
    77/299      3.8G   0.02111   0.02728     0.024   0.07239        11       640    0.5475     0.398    0.2545     0.205   0.04427   0.03985   0.04904
    78/299      3.8G   0.02281     0.026    0.0241    0.0729        13       640    0.6212    0.3621    0.2554    0.2052   0.04348   0.03916   0.04894
    79/299      3.8G   0.02182   0.02606   0.02388   0.07177         8       640    0.5347    0.4117    0.2521    0.2044   0.04302   0.03993   0.04931
    80/299      3.8G   0.02096   0.02559   0.02367   0.07022        25       640    0.5987    0.3807    0.2498    0.2038   0.04245   0.04029   0.04993
    81/299      3.8G   0.02093   0.02681   0.02321   0.07095        19       640    0.6219    0.3274    0.2512    0.2046   0.04229   0.03952   0.04954
    82/299      3.8G   0.02004   0.02608   0.02285   0.06897        36       640    0.6092    0.3931    0.2657    0.2107   0.04267   0.03877   0.04961
    83/299      3.8G   0.02067    0.0258   0.02275   0.06922        19       640    0.6089    0.3364    0.2241    0.1838   0.04248   0.04562   0.05182
    84/299      3.8G   0.02118   0.02609   0.02263    0.0699        13       640    0.6498    0.3139    0.2536    0.2076   0.04229   0.04309   0.04998
    85/299      3.8G   0.02116   0.02672   0.02222   0.07011        45       640    0.6458    0.3495    0.2787    0.2239    0.0426   0.04052   0.05074
    86/299      3.8G    0.0213   0.02666    0.0221   0.07006        27       640    0.8551     0.226    0.2754    0.2226   0.04228   0.03954   0.05026
    87/299      3.8G   0.02125   0.02745   0.02214   0.07084        36       640    0.6092    0.4053    0.2754    0.2214   0.04179    0.0384   0.05002
    88/299      3.8G   0.02053    0.0269   0.02192   0.06935        26       640    0.6179    0.4111    0.2679    0.2177   0.04138   0.04165   0.05064
    89/299      3.8G   0.02089   0.02572    0.0219   0.06851        15       640    0.6184    0.3856    0.2753    0.2242   0.04135   0.04222   0.05046
    90/299      3.8G   0.02045   0.02605   0.02163   0.06813        37       640     0.427     0.532    0.2964    0.2411   0.04088   0.04037   0.05035
    91/299      3.8G   0.02029   0.02633   0.02099   0.06761        22       640    0.5067     0.479    0.2864    0.2334    0.0412   0.04006   0.05031
    92/299      3.8G   0.01905   0.02692   0.02067   0.06664        18       640    0.4218    0.5637    0.2949    0.2407   0.04028     0.038   0.05046
    93/299      3.8G   0.01904   0.02689   0.02112   0.06705         8       640    0.5161     0.453     0.282    0.2303   0.04032   0.03998   0.05089
    94/299      3.8G   0.01909   0.02564   0.02045   0.06518        25       640    0.5242    0.4695    0.3066     0.251   0.04046   0.03828   0.05049
    95/299      3.8G   0.02001   0.02551   0.02062   0.06614        14       640       0.5    0.4336    0.2604    0.2142   0.04098   0.04369   0.05267
    96/299      3.8G   0.02004   0.02675   0.02102   0.06781        23       640     0.518    0.4424    0.2864    0.2352   0.04017   0.03884    0.0513
    97/299      3.8G   0.01995   0.02549   0.02053   0.06597        14       640    0.5181     0.477    0.3014    0.2432   0.04106   0.03848   0.05033
    98/299      3.8G   0.01927   0.02586   0.02026    0.0654        20       640     0.513    0.5037    0.2911     0.238   0.04023   0.03863   0.05094
    99/299      3.8G   0.01857   0.02632   0.01968   0.06457        27       640    0.5218     0.442    0.2987    0.2446   0.04032   0.03639    0.0507
   100/299      3.8G   0.02023   0.02638    0.0198   0.06642        12       640     0.516    0.5217    0.3183    0.2618   0.03995   0.03891    0.0509
   101/299      3.8G   0.01978   0.02728    0.0197   0.06675        36       640    0.2484    0.5518    0.2433    0.1975   0.04114   0.03953   0.05272
   102/299      3.8G   0.01977   0.02704   0.01986   0.06667        16       640    0.5128    0.4823    0.3016    0.2462    0.0404   0.03506   0.05104
   103/299      3.8G   0.01806   0.02564   0.01941    0.0631        15       640    0.5206    0.4859    0.3142    0.2618   0.03935   0.03407   0.05142
   104/299      3.8G   0.01933   0.02653   0.01885   0.06471        19       640    0.4546    0.5192    0.3263    0.2673    0.0397   0.03683   0.05189
   105/299      3.8G   0.01973   0.02644    0.0194   0.06558        18       640    0.4483    0.5744    0.3187     0.262   0.03921   0.03477    0.0519
   106/299      3.8G   0.01834    0.0261   0.01914   0.06357        45       640    0.5158    0.4971    0.3113    0.2574   0.03976   0.03851   0.05265
   107/299      3.8G   0.01903   0.02648   0.01929   0.06479        24       640    0.4533    0.5274     0.312    0.2565   0.03973   0.03459   0.05253
   108/299      3.8G   0.01758   0.02642   0.01879   0.06279        39       640    0.5161    0.5207    0.3227    0.2648   0.03962    0.0367   0.05294
   109/299      3.8G   0.01788   0.02609   0.01866   0.06263        12       640    0.4551    0.5195    0.3243    0.2681   0.03924   0.03663    0.0533
   110/299      3.8G   0.01829   0.02569   0.01861   0.06259         8       640    0.4662    0.5346    0.3448    0.2859    0.0391   0.03585   0.05278
   111/299      3.8G   0.01833   0.02561    0.0186   0.06254        11       640    0.4553    0.5188    0.3088    0.2555   0.03935   0.03866   0.05454
   112/299      3.8G   0.01892   0.02586   0.01799   0.06278        36       640    0.4643     0.548    0.3525    0.2895    0.0394   0.03617   0.05299
   113/299      3.8G   0.01805   0.02603   0.01836   0.06244        40       640    0.4703    0.5175     0.343    0.2843   0.03909   0.03517   0.05265
   114/299      3.8G   0.01754   0.02559   0.01838    0.0615        17       640    0.3946    0.6565    0.3652    0.3008   0.03938    0.0354   0.05354
   115/299      3.8G   0.01726   0.02612   0.01802   0.06141        32       640      0.47     0.543    0.3372    0.2785   0.03902   0.03499   0.05394
   116/299      3.8G   0.01776   0.02598   0.01779   0.06153        41       640    0.4715    0.5169    0.3277     0.266   0.04014   0.04004   0.05459
   117/299      3.8G   0.01722   0.02626   0.01765   0.06113        32       640    0.4779    0.5362    0.3532    0.2937   0.03931   0.03802   0.05438
   118/299      3.8G   0.01863    0.0254   0.01706   0.06109        24       640    0.4506    0.6046     0.365    0.3045   0.03912   0.03632   0.05422
   119/299      3.8G   0.01771    0.0251   0.01726   0.06007        26       640     0.338    0.6966    0.3727    0.3101   0.03914   0.03717   0.05462
   120/299      3.8G   0.01737   0.02468   0.01696   0.05901        28       640    0.2673    0.7221     0.337     0.283   0.03888   0.03824   0.05506
   121/299      3.8G   0.01657   0.02622   0.01651    0.0593        20       640    0.4451     0.617    0.3786    0.3166    0.0387    0.0371   0.05503
   122/299      3.8G    0.0174   0.02518   0.01674   0.05932        16       640    0.2147    0.8098    0.3899     0.326   0.03881   0.03624   0.05521
   123/299      3.8G   0.01789   0.02659   0.01639   0.06088        37       640    0.2173    0.8156    0.3942    0.3253   0.03936   0.03771   0.05603
   124/299      3.8G   0.01824   0.02535   0.01607   0.05967        29       640    0.2104    0.8151    0.3908    0.3265   0.03872   0.03676   0.05597
   125/299      3.8G   0.01823   0.02556   0.01594   0.05973        27       640    0.3024    0.7311    0.3883     0.322   0.03894   0.03641   0.05628
   126/299      3.8G   0.01827   0.02569   0.01608   0.06004        21       640     0.212    0.8434    0.4058    0.3366   0.03909   0.03737   0.05624
   127/299      3.8G   0.01752   0.02482   0.01591   0.05825        64       640    0.2292    0.8077     0.402    0.3364   0.03868   0.03957   0.05761
   128/299      3.8G   0.01829   0.02482   0.01578   0.05889        21       640    0.2326    0.7863    0.3995     0.332   0.03875   0.03707   0.05678
   129/299      3.8G   0.01828   0.02592   0.01565   0.05985        28       640    0.2277    0.8231    0.4205    0.3489   0.03877   0.03822   0.05773
   130/299      3.8G   0.01772    0.0258   0.01541   0.05893        48       640    0.2361     0.741    0.4091    0.3434   0.03875   0.03888   0.05883
   131/299      3.8G   0.01794   0.02491   0.01519   0.05804        13       640    0.2534    0.8178    0.4344    0.3622   0.03887   0.04034   0.05735
   132/299      3.8G   0.01829   0.02478   0.01541   0.05848        24       640    0.2365    0.8555    0.4179    0.3484   0.03903   0.04108   0.05696
   133/299      3.8G   0.01824   0.02553   0.01519   0.05896        47       640    0.3121    0.7484    0.4251    0.3539    0.0387   0.04099   0.05818
   134/299      3.8G   0.01701   0.02499   0.01517   0.05718        14       640    0.2559    0.7629    0.4329    0.3626   0.03849     0.038   0.05731
   135/299      3.8G   0.01675    0.0256   0.01542   0.05777        12       640    0.3167    0.7303    0.4221    0.3548    0.0384   0.03808   0.05773
   136/299      3.8G   0.01726   0.02407   0.01509   0.05642        12       640    0.2567    0.7945    0.4481    0.3736   0.03838   0.03937   0.05805
   137/299      3.8G   0.01729   0.02583   0.01493   0.05806         8       640    0.3393    0.7139    0.4461    0.3718   0.03837   0.04013   0.05774
   138/299      3.8G   0.01657   0.02402   0.01473   0.05532        13       640    0.2575    0.7999    0.4586    0.3836   0.03838   0.03889   0.05793
   139/299      3.8G   0.01709   0.02408    0.0148   0.05597        29       640     0.264    0.8172    0.4654    0.3901   0.03833    0.0387   0.05731
   140/299      3.8G   0.01689   0.02447   0.01441   0.05577        24       640    0.2814    0.7484    0.4526    0.3767   0.03847   0.04119   0.05939
   141/299      3.8G   0.01705   0.02375   0.01476   0.05556        20       640    0.3076    0.7135    0.4603    0.3849   0.03836   0.03917   0.05781
   142/299      3.8G   0.01663   0.02462   0.01445    0.0557        28       640     0.299    0.7314    0.4652    0.3913   0.03832   0.03975   0.05798
   143/299      3.8G   0.01649   0.02443   0.01427    0.0552        39       640    0.2859    0.7962    0.4605    0.3866   0.03821   0.03909   0.05684
   144/299      3.8G   0.01666    0.0249   0.01449   0.05605        16       640    0.3214    0.6901    0.4781    0.3992   0.03809   0.03866   0.05796
   145/299      3.8G    0.0169   0.02459   0.01439   0.05587        35       640    0.4462    0.6374    0.4862    0.4074   0.03845   0.04247   0.05949
   146/299      3.8G   0.01582   0.02478   0.01423   0.05483        14       640    0.4038    0.6812    0.4864    0.4045   0.03838   0.03974   0.05638
   147/299      3.8G   0.01571   0.02407   0.01404   0.05382        37       640    0.5407    0.6095    0.5098    0.4272     0.038   0.03989   0.05848
   148/299      3.8G   0.01632   0.02412   0.01373   0.05417        10       640    0.5576    0.6075    0.5064    0.4218   0.03848   0.04139   0.05855
   149/299      3.8G     0.017    0.0238   0.01402   0.05482        38       640    0.5528    0.5932    0.5044     0.423   0.03807   0.04072   0.05959
   150/299      3.8G    0.0164   0.02476   0.01393   0.05508        21       640    0.4233    0.6848    0.5249    0.4387    0.0382   0.04178   0.05957
   151/299      3.8G   0.01623   0.02483   0.01387   0.05492        28       640    0.3986    0.7047     0.523    0.4371   0.03814   0.04019   0.05827
   152/299      3.8G   0.01578   0.02331   0.01349   0.05258         9       640    0.6147    0.5684    0.5333    0.4466   0.03832   0.04063   0.05863
   153/299      3.8G   0.01624   0.02341   0.01375   0.05339        40       640    0.4453    0.6527    0.5259    0.4421   0.03812   0.04045   0.05834
   154/299      3.8G   0.01613   0.02411   0.01353   0.05377        20       640    0.5906    0.5903    0.5288    0.4448   0.03815   0.04346   0.05852
   155/299      3.8G   0.01618   0.02412   0.01362   0.05392        16       640    0.4158    0.7297    0.5467    0.4595   0.03801   0.04006   0.05691
   156/299      3.8G   0.01632   0.02358   0.01342   0.05332        21       640    0.4454    0.6896    0.5402    0.4538   0.03801   0.04042   0.05751
   157/299      3.8G   0.01519   0.02373   0.01336   0.05227        10       640    0.4299    0.7133    0.5473    0.4605   0.03814   0.04282    0.0569
   158/299      3.8G   0.01568    0.0238   0.01292    0.0524        24       640    0.4089    0.7571     0.529    0.4427   0.03798   0.04076   0.05795
   159/299      3.8G   0.01502   0.02378   0.01306   0.05186        22       640    0.4199    0.7418     0.553    0.4651   0.03808   0.04123   0.05803
   160/299      3.8G   0.01532   0.02305   0.01292    0.0513        18       640    0.4344    0.7335    0.5432    0.4577   0.03811   0.04534   0.05851
   161/299      3.8G   0.01558   0.02343   0.01285   0.05186        37       640    0.4507    0.6873    0.5428    0.4542   0.03809   0.04167    0.0588
   162/299      3.8G   0.01602   0.02344   0.01266   0.05212        23       640    0.4701     0.719    0.5644    0.4771   0.03801   0.04183   0.05838
   163/299      3.8G   0.01492   0.02356    0.0122   0.05068        17       640    0.6066    0.6046    0.5578    0.4703   0.03782   0.04117   0.05932
   164/299      3.8G   0.01486   0.02351   0.01245   0.05081        40       640    0.6474    0.5354    0.5563     0.469   0.03791   0.04265   0.05616
   165/299      3.8G   0.01483   0.02335   0.01234   0.05052        41       640    0.6576    0.5798    0.5656    0.4778   0.03802   0.04362   0.05801
   166/299      3.8G   0.01618   0.02294   0.01201   0.05113         9       640     0.531    0.6849    0.5709    0.4826   0.03796   0.04397   0.05864
   167/299      3.8G   0.01582   0.02273   0.01189   0.05043        11       640    0.5679     0.627    0.5842     0.492   0.03799   0.04342   0.05783
   168/299      3.8G    0.0154   0.02335   0.01184    0.0506        17       640     0.477     0.726     0.576     0.487   0.03791   0.04347   0.05681
   169/299      3.8G   0.01579   0.02415   0.01169   0.05162        15       640    0.5089    0.6842    0.5841    0.4933    0.0379   0.04288   0.05734
   170/299      3.8G   0.01569   0.02192   0.01166   0.04927        30       640    0.5006    0.7182    0.5813    0.4912   0.03766   0.04095   0.05799
   171/299      3.8G   0.01508   0.02284   0.01142   0.04934        49       640    0.4745    0.7458    0.5818    0.4916   0.03765   0.04292   0.05748
   172/299      3.8G   0.01436   0.02294   0.01157   0.04886        55       640    0.5049    0.7145    0.5908    0.5005   0.03762   0.04261    0.0573
   173/299      3.8G   0.01531   0.02315   0.01119   0.04965        18       640     0.618    0.6504    0.6053    0.5122   0.03761   0.04258   0.05696
   174/299      3.8G   0.01537   0.02302    0.0114   0.04979        24       640    0.6016    0.6777    0.5966    0.5056   0.03764   0.04447   0.05812
   175/299      3.8G   0.01482    0.0229    0.0112   0.04892        39       640    0.6201    0.6777    0.6195    0.5259    0.0376   0.04574   0.05694
   176/299      3.8G   0.01471   0.02335   0.01107   0.04913        35       640    0.6027    0.6895    0.6093    0.5169   0.03761   0.04231   0.05839
   177/299      3.8G   0.01482   0.02235   0.01105   0.04822        24       640    0.6232    0.6655    0.6162     0.522   0.03772   0.04343    0.0577
   178/299      3.8G   0.01502   0.02226   0.01103   0.04831        19       640    0.6151    0.6678    0.6315    0.5341   0.03771   0.04503   0.05815
   179/299      3.8G   0.01476   0.02212   0.01091   0.04779        52       640    0.5362    0.7399     0.618    0.5247   0.03763   0.04423   0.05747
   180/299      3.8G    0.0151   0.02287   0.01066   0.04862        30       640     0.641    0.6716    0.6282    0.5353   0.03772   0.04601   0.05676
   181/299      3.8G   0.01448   0.02215   0.01082   0.04745         5       640    0.5461    0.7493    0.6339    0.5408    0.0376   0.04563   0.05802
   182/299      3.8G   0.01435   0.02185   0.01073   0.04694        13       640    0.5337    0.7458    0.6129     0.522   0.03764   0.04429   0.05595
   183/299      3.8G   0.01414   0.02197   0.01067   0.04679        23       640    0.5606    0.7472    0.6336    0.5414   0.03754   0.04542   0.05549
   184/299      3.8G   0.01467   0.02209   0.01022   0.04698        50       640     0.538     0.764     0.637    0.5407   0.03753   0.04355   0.05704
   185/299      3.8G    0.0145   0.02306   0.01042   0.04798        32       640    0.5725     0.702    0.6261    0.5333   0.03759   0.04331   0.05641
   186/299      3.8G   0.01475   0.02311   0.01031   0.04817        12       640     0.594     0.712    0.6385    0.5411   0.03761   0.04465   0.05641
   187/299      3.8G   0.01384     0.022   0.01035   0.04619         8       640    0.5749    0.7269    0.6319    0.5385   0.03755   0.04463   0.05553
   188/299      3.8G   0.01421   0.02204   0.01042   0.04667        22       640    0.5866    0.7313    0.6552     0.556   0.03758    0.0456   0.05616
   189/299      3.8G   0.01418   0.02253    0.0101    0.0468        21       640    0.5623    0.7451    0.6424    0.5458   0.03743   0.04265   0.05636
   190/299      3.8G   0.01369   0.02247  0.009849   0.04601        36       640    0.5723    0.7509    0.6585    0.5623   0.03746   0.04397     0.056
   191/299      3.8G   0.01417     0.023   0.01008   0.04725        14       640    0.5537    0.7626    0.6561    0.5601   0.03737   0.04563   0.05581
   192/299      3.8G   0.01423   0.02225  0.009983   0.04647        40       640    0.5518    0.7859    0.6511    0.5555   0.03741   0.04446   0.05661
   193/299      3.8G   0.01392   0.02237  0.009888   0.04618        10       640    0.4691     0.814    0.6433    0.5516   0.03738   0.04401   0.05602
   194/299      3.8G   0.01389   0.02289  0.009706    0.0465         6       640    0.5452    0.7872    0.6535    0.5589    0.0373   0.04336   0.05788
   195/299      3.8G   0.01405   0.02206  0.009562   0.04567        39       640    0.5618    0.7538    0.6577    0.5614   0.03753   0.04611   0.05577
   196/299      3.8G    0.0141   0.02249   0.01007   0.04665        12       640    0.5465    0.7733    0.6515    0.5588    0.0374   0.04393   0.05601
   197/299      3.8G   0.01371   0.02176  0.009446   0.04491        29       640     0.609    0.7252     0.658    0.5612   0.03741   0.04461    0.0563
   198/299      3.8G   0.01383   0.02152  0.009506   0.04485        33       640    0.5505    0.7683    0.6686     0.568   0.03755   0.04412   0.05712
   199/299      3.8G   0.01371   0.02194  0.009499   0.04515         6       640    0.5548    0.7802    0.6768    0.5791   0.03744    0.0453   0.05698
   200/299      3.8G    0.0135   0.02149  0.009478   0.04447        24       640    0.5879    0.7307    0.6634    0.5672   0.03734   0.04535    0.0568
   201/299      3.8G    0.0137   0.02159  0.009378   0.04466        55       640    0.5753      0.75    0.6823    0.5863   0.03727   0.04496   0.05664
   202/299      3.8G   0.01365   0.02212  0.009405   0.04517        25       640    0.5862    0.7618    0.6828     0.585   0.03722   0.04487   0.05711
   203/299      3.8G    0.0133   0.02115    0.0093   0.04375        17       640    0.4915    0.7951    0.6733     0.574   0.03741    0.0466   0.05549
   204/299      3.8G   0.01355   0.02164   0.00934   0.04454        26       640    0.5729    0.7462    0.6625    0.5656   0.03738   0.04523   0.05592
   205/299      3.8G   0.01337   0.02182  0.009085   0.04428        50       640    0.4943    0.8555    0.6786    0.5775    0.0373   0.04463   0.05754
   206/299      3.8G   0.01339    0.0217  0.009195   0.04428        16       640    0.5848    0.7327    0.6684      0.57    0.0373   0.04484   0.05691
   207/299      3.8G   0.01363   0.02246  0.008856   0.04494        29       640    0.4844    0.9136    0.6864    0.5876   0.03726   0.04452   0.05742
   208/299      3.8G   0.01399   0.02122  0.009218   0.04443        24       640    0.4902    0.8779    0.6953    0.5955   0.03733   0.04456   0.05628
   209/299      3.8G   0.01338   0.02108  0.009027   0.04349        24       640    0.5382    0.8058     0.699    0.5977   0.03728   0.04656   0.05641
   210/299      3.8G   0.01314   0.02174  0.008563   0.04344        35       640     0.598    0.7616    0.6971    0.5981   0.03724   0.04671   0.05734
   211/299      3.8G   0.01335   0.02142  0.009027    0.0438        10       640    0.5226    0.8557    0.7051    0.6063   0.03729   0.04677   0.05675
   212/299      3.8G   0.01332   0.02149  0.008761   0.04358        37       640    0.5076    0.8717    0.6988    0.5987   0.03724   0.04644   0.05706
   213/299      3.8G   0.01303    0.0225  0.008868   0.04439        23       640    0.5272     0.867    0.7141    0.6134   0.03715   0.04496   0.05675
   214/299      3.8G   0.01324   0.02088  0.008787   0.04291        10       640    0.5479    0.8354    0.7106    0.6098   0.03713   0.04579   0.05799
   215/299      3.8G   0.01327    0.0212  0.008585   0.04305        23       640    0.5232    0.8554     0.696    0.5984   0.03726   0.04642   0.05609
   216/299      3.8G   0.01312   0.02146  0.008519    0.0431        26       640    0.5514    0.8444    0.7213      0.62   0.03717   0.04708   0.05711
   217/299      3.8G   0.01334   0.02005   0.00864   0.04203        10       640    0.5551    0.7884    0.7143    0.6136   0.03716   0.04674   0.05656
   218/299      3.8G   0.01335   0.02109  0.008843   0.04329        38       640    0.5616    0.8387    0.7093    0.6065   0.03725   0.04654   0.05837
   219/299      3.8G   0.01329   0.02154  0.008513   0.04334        10       640    0.5473    0.8415    0.7122    0.6108   0.03724   0.04785   0.05742
   220/299      3.8G   0.01299   0.02184   0.00874   0.04357        10       640    0.5161    0.8665    0.7045    0.6054   0.03717   0.04694   0.05612
   221/299      3.8G   0.01323     0.021  0.008454   0.04268        38       640    0.5786    0.8296     0.725    0.6235   0.03707   0.04677   0.05742
   222/299      3.8G   0.01317   0.02108  0.008265   0.04252        44       640    0.5666    0.8158    0.7223    0.6209   0.03724   0.04755   0.05774
   223/299      3.8G   0.01305   0.02111  0.008142   0.04231        21       640    0.5435    0.8701    0.7385     0.633   0.03722   0.04806   0.05719
   224/299      3.8G   0.01304   0.02037  0.008453   0.04187        22       640    0.5215    0.8803    0.7187    0.6143   0.03724    0.0482   0.05645
   225/299      3.8G   0.01296   0.02113   0.00815   0.04224        12       640    0.5384    0.8581    0.7298    0.6254   0.03717   0.04672   0.05645
   226/299      3.8G    0.0131   0.02144  0.008575   0.04312        21       640    0.5932    0.7628    0.7244    0.6229   0.03712   0.04792   0.05602
   227/299      3.8G   0.01294   0.02201  0.007983   0.04293        44       640    0.5325    0.8749    0.7232    0.6221   0.03705   0.04586   0.05679
   228/299      3.8G   0.01304   0.02146  0.008385   0.04289        20       640    0.5789    0.7638    0.7184    0.6181   0.03709   0.04594   0.05655
   229/299      3.8G   0.01307   0.02074  0.008099   0.04191        22       640    0.5511    0.8306    0.7275     0.628   0.03708   0.04692   0.05727
   230/299      3.8G   0.01303   0.01998  0.008307   0.04131        30       640    0.5986    0.7975    0.7316    0.6309   0.03704   0.04877   0.05721
   231/299      3.8G   0.01314   0.02145  0.007988   0.04258        39       640    0.5906    0.8103     0.743    0.6401   0.03711   0.04775   0.05742
   232/299      3.8G   0.01286   0.02107  0.007916   0.04185        17       640    0.5835    0.8259    0.7317    0.6293   0.03714   0.04763   0.05724
   233/299      3.8G   0.01307   0.02084  0.008037   0.04195        18       640    0.5942    0.8057    0.7456    0.6421   0.03713   0.04784   0.05744
   234/299      3.8G   0.01299   0.02067  0.008078   0.04174        11       640     0.568    0.8518    0.7346    0.6338   0.03711    0.0488   0.05707
   235/299      3.8G   0.01284   0.02124  0.007786   0.04187        18       640    0.5925    0.8039    0.7381    0.6359     0.037   0.04646   0.05762
   236/299      3.8G   0.01278   0.02095  0.008253   0.04198         9       640    0.5845    0.7766    0.7312    0.6286   0.03705   0.04697   0.05678
   237/299      3.8G   0.01291    0.0203   0.00784   0.04105        12       640    0.6266    0.7856    0.7475    0.6433   0.03699    0.0476   0.05726
   238/299      3.8G   0.01278    0.0202  0.007504   0.04048        24       640    0.6114    0.8115    0.7587    0.6522   0.03702   0.04833    0.0574
   239/299      3.8G   0.01291   0.02035  0.007632   0.04089        25       640    0.5795      0.82    0.7381    0.6346   0.03703   0.04945   0.05678
   240/299      3.8G   0.01281   0.02111   0.00767   0.04159        39       640    0.6169    0.7875    0.7504    0.6461   0.03703   0.04876   0.05679
   241/299      3.8G   0.01304   0.02075  0.007627   0.04142        19       640    0.5878    0.7943    0.7296    0.6274   0.03706   0.04911   0.05637
   242/299      3.8G   0.01286   0.02013   0.00777   0.04076        18       640    0.6057    0.7924    0.7518    0.6484   0.03701   0.04825   0.05726
   243/299      3.8G   0.01282   0.02054  0.007684   0.04104        15       640    0.6161    0.7667    0.7421    0.6389   0.03705   0.04954   0.05667
   244/299      3.8G   0.01267   0.02049  0.007657   0.04082        34       640    0.5968    0.8013     0.744    0.6418   0.03701   0.04849   0.05639
   245/299      3.8G   0.01269   0.01969  0.007598   0.03998        36       640    0.6295    0.7943    0.7576    0.6523     0.037    0.0482   0.05719
   246/299      3.8G   0.01286   0.02019  0.007606   0.04065        64       640     0.642    0.7727    0.7506    0.6486     0.037   0.05094   0.05746
   247/299      3.8G   0.01269   0.02019  0.007618    0.0405        15       640    0.6131    0.8215    0.7483    0.6451   0.03707   0.04865   0.05695
   248/299      3.8G   0.01269   0.02044  0.007737   0.04087        42       640    0.6023    0.8214    0.7472    0.6435   0.03701   0.04832   0.05693
   249/299      3.8G   0.01282   0.02023  0.007333   0.04039        12       640    0.6484    0.7393    0.7499    0.6456   0.03697   0.04827    0.0574
   250/299      3.8G   0.01268   0.02033  0.007659   0.04067        30       640    0.6481    0.7909    0.7576     0.654   0.03696   0.05006   0.05688
   251/299      3.8G   0.01283   0.02044  0.007859   0.04113        35       640    0.6701    0.7372    0.7557    0.6518   0.03695   0.04963   0.05661
   252/299      3.8G   0.01258   0.01999  0.007675   0.04025        16       640    0.6367    0.8059    0.7593    0.6544   0.03696   0.05002   0.05629
   253/299      3.8G   0.01269   0.02003  0.007576    0.0403        21       640     0.665    0.7603    0.7598    0.6553   0.03697   0.04991   0.05671
   254/299      3.8G   0.01277   0.02076  0.007288   0.04081        61       640    0.6604    0.7475    0.7567    0.6531    0.0369   0.04891   0.05632
   255/299      3.8G   0.01271    0.0194  0.007493   0.03961        12       640    0.6585    0.7726     0.758    0.6545   0.03696   0.05045   0.05641
   256/299      3.8G   0.01256   0.02024    0.0072      0.04        35       640     0.645     0.784     0.759    0.6547   0.03697   0.04987   0.05692
   257/299      3.8G   0.01274   0.01973  0.007411   0.03988        32       640    0.6312    0.8068    0.7573    0.6544   0.03695    0.0495   0.05698
   258/299      3.8G   0.01271   0.01977  0.007525      0.04        28       640     0.655     0.794    0.7614    0.6575   0.03689   0.04873   0.05719
   259/299      3.8G   0.01258   0.02001  0.007399   0.03999        31       640    0.6409    0.8014    0.7595    0.6549   0.03698   0.05073   0.05677
   260/299      3.8G   0.01248   0.01992  0.007286   0.03969        21       640    0.6663    0.7815    0.7652     0.663   0.03689   0.04926   0.05699
   261/299      3.8G    0.0125   0.01947  0.007207   0.03917        24       640    0.6456    0.8447    0.7674    0.6644   0.03687   0.04991    0.0571
   262/299      3.8G   0.01255   0.01975  0.007054   0.03935        12       640     0.669    0.7889    0.7725    0.6692   0.03704   0.05197   0.05706
   263/299      3.8G   0.01251   0.02019  0.006991   0.03969        28       640    0.6263    0.8354    0.7655    0.6619   0.03699   0.04998   0.05733
   264/299      3.8G   0.01251      0.02  0.006789    0.0393        20       640    0.6722     0.784     0.775    0.6698   0.03693   0.05193   0.05678
   265/299      3.8G   0.01248   0.01985  0.007168    0.0395        17       640     0.644    0.7946    0.7717    0.6682   0.03691    0.0516    0.0571
   266/299      3.8G   0.01266   0.02021  0.007255   0.04013        26       640    0.6305    0.8158    0.7688    0.6635   0.03697   0.05102   0.05651
   267/299      3.8G   0.01247   0.01937  0.007374   0.03921        17       640    0.6151    0.8357    0.7651    0.6606   0.03695   0.04968   0.05704
   268/299      3.8G   0.01274    0.0198  0.007277   0.03982        24       640    0.6416    0.8008    0.7751    0.6699   0.03693   0.05141   0.05617
   269/299      3.8G   0.01247   0.01981  0.007223    0.0395        27       640     0.675    0.7611    0.7725    0.6674   0.03691   0.05016    0.0569
   270/299      3.8G   0.01262   0.02023  0.007102   0.03995        26       640    0.6618    0.8034    0.7804    0.6749   0.03688   0.05026   0.05736
   271/299      3.8G   0.01256   0.01962  0.007225    0.0394        23       640    0.6348     0.833     0.775    0.6708   0.03691   0.05041   0.05716
   272/299      3.8G   0.01249   0.01987  0.007073   0.03943        20       640    0.6458    0.7951    0.7685    0.6634   0.03697   0.05121   0.05655
   273/299      3.8G   0.01243   0.01977  0.007053   0.03925        13       640    0.6296    0.8495    0.7776    0.6732   0.03687   0.05075   0.05746
   274/299      3.8G   0.01245   0.01885  0.007288    0.0386        23       640    0.6439    0.8313    0.7795    0.6755   0.03688   0.05103   0.05679
   275/299      3.8G   0.01252   0.01956  0.007084   0.03917        23       640    0.6445     0.826    0.7768    0.6714   0.03685   0.05127   0.05693
   276/299      3.8G   0.01223   0.01925  0.006808   0.03828        15       640    0.6389    0.8382    0.7727    0.6686   0.03687   0.05113   0.05637
   277/299      3.8G   0.01244   0.01975  0.006772   0.03896        37       640    0.6462    0.8227    0.7702    0.6667   0.03686   0.05163   0.05651
   278/299      3.8G   0.01235   0.01925  0.006983   0.03859        32       640     0.641    0.8174    0.7705    0.6658   0.03692   0.05126   0.05641
   279/299      3.8G   0.01221   0.01975  0.006789   0.03875        38       640    0.6493     0.801    0.7708    0.6675   0.03686   0.05069   0.05618
   280/299      3.8G    0.0122   0.01997  0.006578   0.03875        32       640    0.6493    0.8251     0.777     0.673   0.03684   0.05029    0.0568
   281/299      3.8G   0.01239   0.01908  0.006867   0.03833        15       640    0.6305    0.8602     0.772    0.6688   0.03686   0.05106   0.05635
   282/299      3.8G   0.01242   0.01914  0.006578   0.03813        27       640    0.6514    0.8212    0.7742    0.6708   0.03687    0.0517   0.05621
   283/299      3.8G   0.01248    0.0189  0.006822    0.0382        10       640    0.6279    0.8563    0.7718    0.6674    0.0368    0.0513   0.05705
   284/299      3.8G   0.01242   0.01884  0.006783   0.03804        30       640    0.6685    0.8014    0.7829    0.6754   0.03685   0.05127   0.05692
   285/299      3.8G    0.0124   0.01863  0.006948   0.03797         8       640    0.6546    0.8391    0.7817    0.6755   0.03684   0.05115   0.05651
   286/299      3.8G   0.01257   0.01909  0.006824   0.03848        14       640    0.6572    0.8223    0.7765    0.6715   0.03678   0.05028   0.05687
   287/299      3.8G   0.01231   0.01963  0.006744   0.03868        46       640     0.666    0.8161    0.7783     0.673   0.03682   0.05126   0.05654
   288/299      3.8G   0.01227    0.0193  0.006565   0.03813        29       640    0.6484    0.8429    0.7854    0.6786   0.03681   0.05185   0.05674
   289/299      3.8G   0.01238   0.01949  0.006933    0.0388        14       640    0.6671    0.8137    0.7779    0.6719   0.03681   0.05176   0.05642
   290/299      3.8G   0.01248   0.01889  0.006943   0.03831        15       640    0.6546    0.8231    0.7819    0.6753   0.03682   0.05113    0.0563
   291/299      3.8G   0.01239   0.01836  0.006951    0.0377        13       640    0.6571    0.8112    0.7843    0.6779    0.0368   0.05113   0.05715
   292/299      3.8G    0.0123   0.01882  0.006923   0.03804        23       640    0.6875    0.7922     0.784    0.6775   0.03692   0.05372   0.05603
   293/299      3.8G   0.01246   0.01902  0.006749   0.03822        44       640    0.6743    0.7763    0.7809    0.6756   0.03683   0.05216   0.05663
   294/299      3.8G   0.01247   0.02018  0.006815   0.03947        29       640    0.6873    0.7813    0.7888    0.6807    0.0369   0.05301   0.05672
   295/299      3.8G   0.01241   0.01874   0.00684   0.03799        15       640    0.6626    0.8425    0.7916    0.6844   0.03684   0.05311   0.05648
   296/299      3.8G   0.01233   0.01843  0.006567   0.03732        18       640    0.6421    0.8394    0.7826    0.6776   0.03682   0.05232   0.05552
   297/299      3.8G   0.01232   0.01921  0.006587   0.03812        30       640    0.6393    0.8582    0.7891    0.6827   0.03683   0.05293    0.0556
   298/299      3.8G   0.01241   0.01886  0.006856   0.03812        18       640    0.6637     0.844    0.7858    0.6805   0.03679   0.05138   0.05635
   299/299      3.8G   0.01232   0.01993  0.006815   0.03906        20       640    0.6516    0.8437    0.7835    0.6769    0.0368   0.05164   0.05623
