     0/299     3.59G   0.03121    0.5349   0.08544    0.6515        24       640   0.01456     0.151  0.007332  0.001755   0.05008    0.2389    0.1159
     1/299     3.79G   0.04434   0.04378    0.1132    0.2014        29       640   0.05763    0.3423   0.05343   0.02025   0.04857   0.07723    0.1085
     2/299     3.79G   0.04442   0.03546    0.0973    0.1772        35       640   0.04831    0.5596   0.06082   0.02102    0.0481   0.07164    0.0771
     3/299      3.8G   0.04188   0.04156   0.05707    0.1405        52       640   0.02971    0.4546   0.05092   0.01737   0.04577    0.3034   0.04666
     4/299      3.8G   0.04097   0.02801   0.03536    0.1043        13       640    0.6314    0.2057   0.05297    0.0198   0.04555    0.4091   0.04467
     5/299      3.8G   0.03668   0.02433    0.0343   0.09531         8       640     0.519    0.4237   0.08134    0.0477   0.04018    0.4379   0.04485
     6/299      3.8G   0.03322   0.02428   0.03437   0.09187        28       640   0.04789    0.4387   0.06976   0.03316   0.04073     0.391   0.04582
     7/299      3.8G   0.03078   0.02389   0.03366   0.08832        15       640    0.4788    0.4823    0.1107   0.06545   0.03822    0.3637   0.04591
     8/299      3.8G   0.03001   0.02388    0.0332   0.08708        25       640    0.4634    0.4312   0.08148   0.04837   0.03681    0.3469    0.0465
     9/299      3.8G   0.02696   0.02447   0.03243   0.08386        14       640    0.5404    0.4937    0.1092   0.07588    0.0343    0.3311   0.04721
    10/299      3.8G   0.02584   0.02398   0.03153   0.08135        24       640    0.5405    0.4803    0.1108   0.07869   0.03372    0.3183   0.04844
    11/299      3.8G   0.02663   0.02377   0.03069   0.08109        26       640    0.5439    0.4166    0.1198   0.06528   0.03895     0.281    0.0503
    12/299      3.8G   0.02567   0.02372   0.03079   0.08018        22       640    0.5528    0.4333    0.1566    0.1176   0.03374    0.2935   0.05029
    13/299      3.8G   0.02489   0.02292    0.0303    0.0781        31       640    0.4997     0.409     0.174    0.1302   0.03374    0.2927   0.05066
    14/299      3.8G   0.02404   0.02325   0.03023   0.07751         7       640     0.132    0.4146    0.1969    0.1428   0.03376      0.27   0.05106
    15/299      3.8G   0.02422   0.02314   0.03005   0.07741        27       640    0.1242    0.4288    0.1765     0.124   0.03391      0.27   0.05021
    16/299      3.8G   0.02373   0.02335   0.02923   0.07632        18       640    0.1179    0.3878    0.1585    0.1016   0.03518    0.2873   0.05008
    17/299      3.8G   0.02276   0.02233   0.02823   0.07333        19       640     0.126    0.5044    0.2081    0.1474   0.03237    0.2771   0.04864
    18/299      3.8G   0.02419   0.02231   0.02723   0.07372        28       640    0.3963    0.5919     0.218    0.1612   0.03126    0.2573   0.04833
    19/299      3.8G   0.02316   0.02355   0.02684   0.07356        13       640    0.3301    0.4107     0.184    0.1095   0.03213    0.2954   0.04779
    20/299      3.8G   0.02364   0.02282   0.02616   0.07262        30       640    0.4299    0.4464    0.2028    0.1525   0.02886    0.2641   0.04675
    21/299      3.8G   0.02189    0.0232   0.02568   0.07077        23       640    0.5376    0.4259    0.2204    0.1517   0.03047    0.2459   0.04655
    22/299      3.8G   0.02242   0.02374     0.025   0.07116        22       640    0.6079    0.4368    0.2168    0.1588   0.02871    0.2496   0.04608
    23/299      3.8G   0.02146   0.02287   0.02453   0.06886        25       640    0.2754    0.4475    0.2086    0.1616   0.02804    0.2649   0.04635
    24/299      3.8G   0.02212   0.02381   0.02406   0.06998        21       640    0.4793    0.4126     0.217    0.1492   0.02951    0.2527   0.04605
    25/299      3.8G    0.0215   0.02432   0.02347   0.06929        14       640    0.4728     0.441    0.2196    0.1672   0.02757    0.2639   0.04622
    26/299      3.8G   0.02158   0.02419   0.02318   0.06895        32       640     0.633    0.4183    0.2546    0.1849   0.02678    0.2485    0.0464
    27/299      3.8G   0.02148   0.02452   0.02265   0.06864        30       640     0.645     0.414    0.2635    0.2056   0.02475    0.2427   0.04658
    28/299      3.8G   0.02115   0.02349   0.02222   0.06686        38       640    0.6587     0.352    0.2495    0.1866   0.02581    0.2391   0.04641
    29/299      3.8G   0.02024   0.02479   0.02217    0.0672        14       640    0.6396    0.4205    0.2652    0.1871   0.02699    0.2246   0.04789
    30/299      3.8G   0.02123   0.02407   0.02192   0.06722        27       640    0.6238    0.4106    0.2279    0.1725   0.02515    0.2289   0.05166
    31/299      3.8G   0.02095   0.02452   0.02164   0.06711        17       640    0.6628    0.3834     0.282    0.2186   0.02458    0.2371   0.04681
    32/299      3.8G     0.021   0.02434   0.02145   0.06679         7       640    0.6562     0.366    0.2781    0.2193   0.02403    0.2342   0.04668
    33/299      3.8G   0.01934   0.02357   0.02097   0.06388        22       640    0.6551    0.4061    0.2916    0.2211   0.02483    0.2264   0.04687
    34/299      3.8G   0.01903   0.02368   0.02057   0.06327        49       640    0.6597    0.3737    0.3069    0.2327   0.02483    0.2346   0.04694
    35/299      3.8G   0.01994   0.02336   0.02067   0.06397        18       640    0.6649    0.4019    0.3083    0.2353   0.02425    0.2187   0.04863
    36/299      3.8G   0.01935    0.0237   0.02067   0.06371        17       640    0.6806    0.3764    0.3271    0.2483   0.02393    0.2367   0.04694
    37/299      3.8G   0.02123   0.02335   0.02022   0.06481        24       640    0.6787    0.3778    0.3255    0.2408   0.02502    0.2192   0.04753
    38/299      3.8G   0.01996   0.02322   0.02002    0.0632        15       640    0.1797    0.6967    0.3218     0.258    0.0232    0.2277    0.0489
    39/299      3.8G   0.01832   0.02349   0.01983   0.06165        23       640     0.188    0.7181    0.3369    0.2476   0.02544    0.2251   0.04906
    40/299      3.8G   0.01941   0.02343   0.01947   0.06231        37       640    0.2001    0.7375    0.3584    0.2832   0.02324    0.2153   0.04762
    41/299      3.8G   0.01916   0.02257   0.01956   0.06129        22       640    0.2129    0.7039    0.3605    0.2883   0.02344    0.2283   0.04665
    42/299      3.8G   0.01887   0.02319   0.01879   0.06085        39       640     0.219    0.7003    0.3819    0.3092   0.02328    0.2168   0.04669
    43/299      3.8G   0.01858   0.02392   0.01838   0.06088        30       640    0.2442    0.7271    0.3762    0.3013   0.02326    0.2039   0.04787
    44/299      3.8G    0.0194   0.02331   0.01804   0.06075        18       640    0.2804    0.7012    0.4006    0.3137   0.02382     0.209   0.04609
    45/299      3.8G    0.0186   0.02405   0.01784   0.06049         9       640    0.2881     0.648    0.3823    0.2885   0.02504    0.1998   0.04605
    46/299      3.8G   0.01905   0.02396   0.01754   0.06054        15       640    0.2951    0.6862    0.4041    0.3223   0.02285    0.2029   0.04818
    47/299      3.8G   0.01784   0.02386   0.01722   0.05892         7       640    0.2531    0.6728    0.4231    0.3374   0.02394    0.2129    0.0467
    48/299      3.8G   0.01888   0.02479   0.01688   0.06055         7       640    0.2421     0.762    0.4307     0.334   0.02377    0.2082    0.0473
    49/299      3.8G   0.01727   0.02377   0.01615   0.05719        10       640    0.2376    0.7111    0.4209    0.3292   0.02416    0.2076   0.04625
    50/299      3.8G    0.0178   0.02454   0.01583   0.05817        29       640    0.2548    0.7253    0.4628    0.3658   0.02326     0.202    0.0472
    51/299      3.8G   0.01769   0.02327   0.01577   0.05673        19       640    0.2754    0.7297    0.4607    0.3667   0.02341    0.2068   0.04736
    52/299      3.8G   0.01808   0.02492   0.01547   0.05847        17       640     0.274    0.6814    0.4253    0.3351   0.02348     0.209   0.04753
    53/299      3.8G   0.01822    0.0235   0.01523   0.05695        26       640     0.308    0.7108    0.4647    0.3551   0.02378    0.1992   0.04752
    54/299      3.8G   0.01851   0.02447   0.01478   0.05776        41       640    0.2873    0.6747    0.4784    0.3797   0.02304    0.2017   0.04652
    55/299      3.8G   0.01795   0.02521   0.01475    0.0579         9       640    0.3024    0.6748    0.4841    0.3724   0.02406    0.1951   0.04695
    56/299      3.8G   0.01742   0.02417   0.01445   0.05605        36       640    0.3249    0.6586    0.4921    0.3966   0.02289    0.1969   0.04649
    57/299      3.8G   0.01731   0.02349   0.01395   0.05476        31       640    0.4719    0.6422    0.5136     0.409   0.02313    0.1958   0.04775
    58/299      3.8G   0.01753   0.02502   0.01431   0.05686        46       640    0.4872    0.6011    0.5359    0.4205   0.02373    0.1967   0.04689
    59/299      3.8G   0.01715   0.02485   0.01375   0.05575        42       640    0.4263    0.6872    0.5177    0.4188   0.02255    0.1934   0.04709
    60/299      3.8G   0.01694    0.0245   0.01395   0.05539        16       640    0.4599    0.6258     0.497    0.3904   0.02389    0.1918   0.04733
    61/299      3.8G   0.01756   0.02338   0.01365   0.05459        14       640    0.5019    0.6655    0.5542    0.4291   0.02366    0.1915   0.04659
    62/299      3.8G   0.01782   0.02484    0.0129   0.05555        16       640    0.3831    0.7639    0.5532    0.4349    0.0233    0.1916   0.04679
    63/299      3.8G   0.01768   0.02339   0.01314    0.0542        29       640    0.3973     0.757    0.5483     0.443   0.02272    0.1994   0.04884
    64/299      3.8G   0.01762   0.02445   0.01319   0.05525        27       640    0.4066      0.77    0.5741    0.4649   0.02221    0.1886   0.04695
    65/299      3.8G   0.01635    0.0235    0.0126   0.05245        12       640    0.4245    0.7938    0.5542    0.4516   0.02261    0.1955   0.04721
    66/299      3.8G   0.01724   0.02458   0.01288   0.05471        31       640    0.4509    0.7522    0.5755    0.4653   0.02251    0.1912   0.04692
    67/299      3.8G   0.01626   0.02498    0.0124   0.05364         8       640     0.446    0.7283    0.5529    0.4527   0.02263    0.1907    0.0475
    68/299      3.8G   0.01668   0.02312   0.01216   0.05196        35       640    0.4464    0.7861    0.5947    0.4865   0.02238    0.1938   0.04758
    69/299      3.8G   0.01719   0.02484   0.01225   0.05428        28       640    0.4651    0.7955    0.6388    0.5229   0.02244    0.1926   0.04722
    70/299      3.8G   0.01673   0.02318    0.0116   0.05151        18       640    0.4888    0.7432    0.6049    0.4884   0.02252    0.1845   0.04661
    71/299      3.8G   0.01735     0.024   0.01178   0.05313        15       640    0.4908    0.7816    0.6219    0.5066   0.02242    0.1852   0.04734
    72/299      3.8G   0.01624     0.024   0.01187   0.05211        17       640    0.4759    0.8382    0.6233    0.5109   0.02244    0.1903   0.04748
    73/299      3.8G   0.01645   0.02388   0.01116   0.05148        27       640    0.4913    0.7978    0.6303    0.5132   0.02238    0.1896   0.04666
    74/299      3.8G   0.01666   0.02402   0.01133   0.05202        63       640     0.454    0.7196    0.5884    0.4793   0.02264    0.1846   0.04977
    75/299      3.8G   0.01639   0.02303   0.01125   0.05067        27       640    0.5203    0.7679    0.6544    0.5336   0.02259    0.1917   0.04721
    76/299      3.8G   0.01679   0.02339   0.01132   0.05151        12       640    0.5203    0.7638     0.658    0.5378   0.02244    0.1881   0.04665
    77/299      3.8G   0.01633   0.02418   0.01082   0.05133        11       640    0.4836    0.8046    0.6557    0.5312   0.02249    0.1867   0.04645
    78/299      3.8G   0.01684    0.0235   0.01115   0.05149        13       640    0.4959    0.8216    0.6732    0.5551   0.02211     0.185   0.04672
    79/299      3.8G   0.01585   0.02322   0.01091   0.04998         8       640    0.5057    0.8168    0.6802    0.5634   0.02205    0.1874   0.04667
    80/299      3.8G   0.01596   0.02303   0.01071    0.0497        25       640    0.4955    0.8691    0.6855    0.5596   0.02214      0.19   0.04697
    81/299      3.8G   0.01571   0.02391   0.01051   0.05013        19       640     0.542    0.7667    0.6716    0.5573   0.02203    0.1847   0.04654
    82/299      3.8G   0.01513   0.02291   0.01018   0.04822        36       640    0.5365    0.8093    0.6982    0.5775   0.02183     0.192   0.04691
    83/299      3.8G   0.01566   0.02279   0.01034   0.04879        19       640    0.5096     0.776    0.6687    0.5515   0.02222    0.1913   0.04721
    84/299      3.8G   0.01537   0.02314   0.01019    0.0487        13       640    0.5012    0.7889    0.6686    0.5515     0.022    0.1914   0.04784
    85/299      3.8G   0.01613   0.02381  0.009977   0.04992        45       640    0.6068    0.7477    0.7053    0.5789   0.02207    0.1887   0.04587
    86/299      3.8G     0.015   0.02337  0.009886   0.04825        27       640    0.7317    0.6562    0.7048    0.5827   0.02184    0.1876   0.04656
    87/299      3.8G   0.01635   0.02441   0.01005   0.05081        36       640    0.5707    0.8168    0.7339    0.6096   0.02177    0.1852   0.04549
    88/299      3.8G   0.01604   0.02358  0.009799   0.04942        26       640    0.5704    0.7985     0.713    0.5868   0.02193    0.1854   0.04594
    89/299      3.8G   0.01613   0.02247  0.009883   0.04848        15       640    0.5961    0.7603     0.711    0.5846   0.02201      0.19   0.04642
    90/299      3.8G   0.01569    0.0228  0.009733   0.04822        37       640    0.6331    0.7173    0.7152    0.5947   0.02189    0.1834   0.04573
    91/299      3.8G   0.01582   0.02287  0.009669   0.04836        22       640    0.7116    0.6999    0.7165    0.5896   0.02208    0.1859    0.0455
    92/299      3.8G   0.01543   0.02322  0.009343   0.04799        18       640    0.6079      0.76    0.7247    0.6063   0.02162    0.1865   0.04541
    93/299      3.8G   0.01543   0.02287  0.009206   0.04751         8       640    0.6659    0.7472    0.7233    0.5963   0.02203    0.1864    0.0456
    94/299      3.8G   0.01475   0.02234  0.009141   0.04624        25       640    0.5863    0.7851    0.7302    0.6115   0.02179    0.1847   0.04539
    95/299      3.8G   0.01457   0.02206  0.009209   0.04583        14       640    0.6299     0.732    0.7257    0.6056   0.02189    0.1845     0.046
    96/299      3.8G   0.01512   0.02299  0.009226   0.04733        23       640    0.6468     0.754    0.7293    0.6114   0.02173    0.1862   0.04551
    97/299      3.8G   0.01483   0.02202  0.008874   0.04572        14       640    0.6455     0.735     0.748    0.6206   0.02197    0.1876   0.04591
    98/299      3.8G   0.01397   0.02275  0.009075   0.04579        20       640    0.5853    0.8098    0.7353     0.617   0.02179    0.1832   0.04574
    99/299      3.8G   0.01474   0.02251  0.008468   0.04572        27       640    0.6196    0.7522    0.7349    0.6129   0.02173     0.186   0.04612
   100/299      3.8G   0.01547   0.02288  0.008675   0.04702        12       640    0.5903    0.7797    0.7185    0.5956   0.02199     0.186   0.04523
   101/299      3.8G   0.01545    0.0233  0.008531   0.04728        36       640    0.6677    0.7179    0.7465    0.6246   0.02156    0.1862   0.04505
   102/299      3.8G   0.01477   0.02317  0.008687   0.04662        16       640    0.5734    0.8347    0.7349    0.6072   0.02176    0.1818   0.04465
   103/299      3.8G   0.01437   0.02186  0.008339   0.04457        15       640    0.5786    0.8649    0.7474    0.6254   0.02168    0.1851   0.04542
   104/299      3.8G   0.01423   0.02241  0.008076   0.04472        19       640    0.5952    0.8309    0.7587    0.6351   0.02149    0.1864   0.04493
   105/299      3.8G   0.01495   0.02278  0.008163   0.04589        18       640    0.5986    0.7943    0.7427    0.6248   0.02159     0.183   0.04472
   106/299      3.8G   0.01393   0.02206  0.008244   0.04424        45       640    0.6159    0.8086    0.7629    0.6412    0.0215    0.1831   0.04476
   107/299      3.8G   0.01425   0.02259  0.008291   0.04513        24       640    0.6235    0.7887    0.7605    0.6347   0.02139    0.1841   0.04503
   108/299      3.8G   0.01464    0.0224  0.007648   0.04469        39       640    0.6349    0.8236    0.7743    0.6461    0.0214    0.1838   0.04475
   109/299      3.8G   0.01405   0.02222  0.007739   0.04401        12       640    0.6993    0.7448    0.7815    0.6586   0.02141    0.1864   0.04471
   110/299      3.8G    0.0148   0.02224  0.007695   0.04474         8       640    0.6104    0.8454    0.7631    0.6442   0.02131    0.1829   0.04465
   111/299      3.8G   0.01508   0.02201   0.00765   0.04474        11       640    0.6504    0.7779    0.7714    0.6483   0.02152    0.1827   0.04505
   112/299      3.8G   0.01421    0.0221  0.007276   0.04359        36       640    0.6593    0.7981    0.7834    0.6586   0.02125    0.1831   0.04461
   113/299      3.8G   0.01408   0.02208  0.007438   0.04359        40       640    0.6402    0.8365    0.7793    0.6587   0.02109    0.1862    0.0446
   114/299      3.8G   0.01461   0.02165  0.007262   0.04352        17       640    0.6527    0.8419    0.7949    0.6736    0.0212    0.1853   0.04433
   115/299      3.8G   0.01439   0.02199  0.007144   0.04352        32       640    0.6418    0.8491    0.7932    0.6722   0.02122    0.1855   0.04506
   116/299      3.8G   0.01433   0.02192  0.007075   0.04332        41       640    0.5969    0.8193    0.7576    0.6404   0.02129    0.1848   0.04584
   117/299      3.8G   0.01363   0.02191  0.007231   0.04277        32       640    0.6826    0.7731     0.787    0.6658   0.02125    0.1866   0.04514
   118/299      3.8G    0.0144   0.02172  0.006964   0.04308        24       640     0.673    0.8009    0.7837    0.6627   0.02107     0.184   0.04607
   119/299      3.8G   0.01455   0.02133  0.006674   0.04255        26       640    0.6428    0.8568     0.802    0.6795   0.02102     0.184    0.0454
   120/299      3.8G   0.01392   0.02083  0.006679   0.04143        28       640     0.641     0.846    0.7888    0.6678   0.02099    0.1879   0.04586
   121/299      3.8G   0.01426    0.0223  0.006806   0.04337        20       640    0.7016     0.781    0.8028    0.6786    0.0209    0.1849   0.04599
   122/299      3.8G   0.01412   0.02137  0.006766   0.04225        16       640    0.6665     0.833    0.8015     0.675   0.02086    0.1844   0.04524
   123/299      3.8G   0.01386   0.02262  0.006505   0.04298        37       640      0.67    0.8436     0.813     0.688   0.02112    0.1882   0.04493
   124/299      3.8G   0.01423   0.02141  0.006395   0.04204        29       640    0.6739    0.8324    0.8021    0.6746    0.0209    0.1858   0.04562
   125/299      3.8G   0.01349   0.02117  0.006166   0.04082        27       640    0.6833    0.8253    0.8026    0.6799    0.0208    0.1855    0.0456
   126/299      3.8G   0.01406   0.02164  0.006422   0.04213        21       640    0.7332     0.782     0.817    0.6916   0.02067    0.1894   0.04546
   127/299      3.8G    0.0139   0.02106  0.006626   0.04159        64       640    0.6797    0.8075    0.8019    0.6817   0.02072    0.1836   0.04594
   128/299      3.8G   0.01367   0.02092  0.006779   0.04137        21       640    0.6868    0.7623    0.7846    0.6645   0.02082     0.185   0.04608
   129/299      3.8G   0.01344   0.02185  0.006196   0.04149        28       640    0.6705    0.8295    0.8078    0.6825   0.02073    0.1862   0.04644
   130/299      3.8G   0.01394   0.02164  0.006288   0.04186        48       640    0.6869    0.8288    0.8162    0.6904   0.02054    0.1902   0.04546
   131/299      3.8G   0.01313   0.02076  0.006096   0.03999        13       640    0.7106    0.7782    0.7971    0.6781   0.02049     0.188   0.04621
   132/299      3.8G   0.01375   0.02129  0.006335   0.04138        24       640     0.658    0.8441    0.8104    0.6865   0.02068    0.1835   0.04579
   133/299      3.8G   0.01393   0.02167  0.006156   0.04176        47       640    0.6637    0.8129    0.8104    0.6926   0.02035    0.1895   0.04621
   134/299      3.8G   0.01352   0.02078  0.005918   0.04022        14       640    0.7158    0.8065    0.8209    0.6975   0.02026    0.1832   0.04553
   135/299      3.8G   0.01308   0.02137  0.006099   0.04055        12       640    0.6875     0.799    0.8216    0.7013   0.02017    0.1883   0.04659
   136/299      3.8G   0.01357   0.02024  0.006046   0.03986        12       640    0.7342    0.8045    0.8223    0.6994   0.02015    0.1909   0.04594
   137/299      3.8G   0.01333   0.02162  0.005935   0.04088         8       640    0.6775    0.8484    0.8212    0.6986   0.02009    0.1853   0.04601
   138/299      3.8G   0.01337   0.01965  0.005581   0.03859        13       640    0.7181    0.8054    0.8189    0.6948   0.02003    0.1878   0.04614
   139/299      3.8G   0.01399   0.02012  0.005679   0.03979        29       640    0.7362     0.809    0.8237    0.7032   0.01995     0.189   0.04548
   140/299      3.8G   0.01316   0.02048  0.005603   0.03924        24       640    0.7122    0.8372    0.8197    0.7007   0.01996    0.1883   0.04589
   141/299      3.8G   0.01277   0.01948  0.005704   0.03796        20       640    0.7147     0.802     0.814    0.6913   0.01999    0.1852   0.04637
   142/299      3.8G   0.01284   0.02012  0.005495   0.03846        28       640    0.6858    0.8393      0.82    0.7025    0.0199    0.1876   0.04674
   143/299      3.8G   0.01339   0.02007  0.005455   0.03891        39       640    0.7142    0.8379    0.8311    0.7087    0.0199    0.1872   0.04632
   144/299      3.8G   0.01365   0.02065  0.005548   0.03985        16       640    0.7104    0.8018    0.8159    0.6996   0.01982    0.1882   0.04665
   145/299      3.8G   0.01323   0.02024  0.005547   0.03902        35       640    0.7095      0.84    0.8265    0.7064   0.01979    0.1889    0.0465
   146/299      3.8G   0.01293   0.02024  0.005278   0.03845        14       640    0.7447     0.803    0.8365    0.7157   0.01972    0.1928   0.04676
   147/299      3.8G    0.0125   0.01999   0.00545   0.03794        37       640    0.7176     0.832    0.8438    0.7207   0.01962    0.1914   0.04658
   148/299      3.8G   0.01296   0.01969   0.00512   0.03776        10       640    0.7141    0.8273    0.8329    0.7082   0.01975    0.1921   0.04634
   149/299      3.8G    0.0134   0.01977  0.005402   0.03857        38       640    0.6886    0.8409    0.8365    0.7162   0.01956     0.186   0.04652
   150/299      3.8G   0.01251   0.02002  0.005151   0.03768        21       640    0.7264    0.8255    0.8388    0.7163   0.01949    0.1898   0.04732
   151/299      3.8G   0.01335   0.02022  0.005316   0.03888        28       640    0.7324    0.8272    0.8509    0.7283   0.01956    0.1883    0.0462
   152/299      3.8G   0.01245   0.01945  0.005325   0.03722         9       640    0.7563    0.7996    0.8379    0.7159   0.01952     0.189   0.04625
   153/299      3.8G   0.01282   0.01908  0.005197    0.0371        40       640    0.7545    0.8119    0.8469    0.7243   0.01949    0.1917   0.04654
   154/299      3.8G   0.01298   0.01974  0.005058   0.03777        20       640    0.7263    0.8126    0.8387    0.7191    0.0193    0.1917   0.04714
   155/299      3.8G   0.01303   0.01938  0.004982   0.03739        16       640    0.7208    0.8453    0.8494    0.7297   0.01932    0.1911   0.04633
   156/299      3.8G   0.01252   0.01913   0.00502   0.03667        21       640    0.7013    0.8645     0.848    0.7248   0.01925    0.1883   0.04685
   157/299      3.8G   0.01237   0.01909  0.004891   0.03635        10       640    0.7365    0.8336    0.8495     0.729   0.01916    0.1899   0.04655
   158/299      3.8G   0.01251   0.01952  0.004919   0.03696        24       640    0.7347     0.824    0.8395    0.7214   0.01913    0.1882   0.04657
   159/299      3.8G   0.01217   0.01936  0.004937   0.03646        22       640    0.7089     0.839     0.845    0.7257   0.01904    0.1877   0.04668
   160/299      3.8G   0.01248   0.01895  0.005013   0.03644        18       640     0.735    0.8302    0.8502    0.7288   0.01897    0.1947   0.04745
   161/299      3.8G   0.01254   0.01889  0.004877   0.03631        37       640    0.7827    0.7928    0.8473    0.7281   0.01902    0.1894     0.047
   162/299      3.8G   0.01255    0.0188  0.004739   0.03608        23       640    0.7493     0.836    0.8475    0.7283   0.01892    0.1917   0.04677
   163/299      3.8G   0.01201   0.01872  0.004711   0.03544        17       640     0.727    0.8544    0.8468    0.7278    0.0189    0.1921   0.04675
   164/299      3.8G   0.01237   0.01902  0.004864   0.03626        40       640    0.6993    0.8476     0.836    0.7216   0.01882    0.1923   0.04668
   165/299      3.8G   0.01241   0.01876  0.004739   0.03592        41       640    0.7301    0.8489    0.8552    0.7325   0.01883    0.1898   0.04667
   166/299      3.8G   0.01258   0.01857  0.004529   0.03568         9       640    0.7607    0.8167    0.8543    0.7299    0.0189    0.1917   0.04695
   167/299      3.8G    0.0119   0.01831  0.004549   0.03475        11       640     0.729    0.8505    0.8514    0.7319   0.01874    0.1921   0.04723
   168/299      3.8G   0.01181   0.01849  0.004528   0.03483        17       640    0.7454    0.8269    0.8538    0.7326   0.01875     0.196    0.0473
   169/299      3.8G   0.01223   0.01918  0.004469   0.03588        15       640    0.7863    0.8031    0.8594     0.739   0.01869    0.1941   0.04723
   170/299      3.8G   0.01246   0.01739  0.004477   0.03433        30       640    0.7344    0.8138    0.8394    0.7234    0.0187    0.1913   0.04754
   171/299     3.81G   0.01211    0.0185  0.004422   0.03503        49       640    0.7369    0.8407    0.8501    0.7312   0.01864    0.1923    0.0478
   172/299     3.81G    0.0119   0.01837  0.004654   0.03492        55       640    0.7557    0.7984    0.8423    0.7255   0.01862    0.1982   0.04809
   173/299     3.81G   0.01216   0.01852  0.004401   0.03508        18       640    0.7207    0.8525    0.8434    0.7268   0.01853    0.1919   0.04733
   174/299     3.81G   0.01248   0.01867  0.004449   0.03561        24       640    0.7402    0.8364    0.8429    0.7242   0.01845    0.1952   0.04769
   175/299     3.81G   0.01192   0.01817  0.004265   0.03436        39       640    0.7364    0.8462    0.8565    0.7379   0.01858    0.1974   0.04733
   176/299     3.81G   0.01178   0.01839  0.004293   0.03446        35       640    0.7761    0.8134     0.849    0.7319   0.01848    0.1965   0.04792
   177/299     3.81G   0.01193   0.01766   0.00423   0.03382        24       640    0.7689    0.8348    0.8506    0.7331   0.01851    0.1956   0.04788
   178/299     3.81G   0.01175   0.01734  0.004186   0.03328        19       640    0.7518    0.8485      0.85    0.7316   0.01845    0.1997   0.04806
   179/299     3.81G   0.01169   0.01741  0.004224   0.03332        52       640    0.7562    0.8319    0.8547     0.738   0.01845    0.1995   0.04804
   180/299     3.81G   0.01198     0.018  0.004309   0.03429        30       640    0.7482    0.8303    0.8467    0.7303   0.01841    0.1979   0.04811
   181/299     3.81G   0.01182   0.01755  0.004198   0.03356         5       640    0.7811    0.8157    0.8602    0.7421   0.01839    0.1977   0.04728
   182/299     3.81G   0.01168    0.0171  0.003987   0.03276        13       640    0.7496      0.84    0.8659     0.748   0.01834    0.2011   0.04804
   183/299     3.81G   0.01166   0.01742  0.004094   0.03317        23       640    0.7484    0.8499    0.8607    0.7441    0.0183    0.1977   0.04835
   184/299     3.81G   0.01177   0.01737  0.004015   0.03316        50       640    0.7385    0.8675    0.8586     0.742   0.01829       0.2   0.04822
   185/299     3.81G   0.01166   0.01803  0.004003   0.03369        32       640    0.8087    0.7822    0.8573    0.7423   0.01824    0.1992   0.04814
   186/299     3.81G   0.01179   0.01769  0.003889   0.03336        12       640     0.755    0.8374    0.8572    0.7413   0.01825    0.2007   0.04794
   187/299     3.81G   0.01154   0.01723  0.003921    0.0327         8       640    0.7932    0.8117    0.8615     0.744    0.0182    0.1995   0.04736
   188/299     3.81G   0.01151   0.01697  0.003891   0.03238        22       640    0.7778    0.8223    0.8617     0.747   0.01821     0.204   0.04794
   189/299     3.81G   0.01158   0.01742  0.003956   0.03296        21       640    0.7512    0.8412    0.8604    0.7425   0.01825    0.2028   0.04806
   190/299     3.81G   0.01157   0.01733  0.003939   0.03285        36       640    0.7986    0.8006    0.8588    0.7435   0.01815     0.202   0.04853
   191/299     3.81G    0.0116    0.0176  0.003892   0.03309        14       640    0.7458    0.8453    0.8506    0.7363   0.01813    0.2025   0.04876
   192/299     3.81G   0.01157   0.01729  0.003832    0.0327        40       640    0.7396    0.8607    0.8544    0.7393   0.01818    0.2054   0.04835
   193/299     3.81G   0.01146   0.01701  0.003729    0.0322        10       640    0.7347    0.8498    0.8534    0.7385   0.01823    0.2032   0.04827
   194/299     3.81G   0.01142   0.01734  0.003595   0.03235         6       640    0.7543    0.8386    0.8595    0.7443   0.01817    0.2069   0.04801
   195/299     3.81G   0.01137   0.01691  0.003687   0.03197        39       640    0.7363    0.8689     0.866    0.7489   0.01815    0.2023   0.04821
   196/299     3.81G   0.01128   0.01689   0.00367   0.03184        12       640    0.7691    0.8174    0.8634    0.7459   0.01812    0.2065   0.04863
   197/299     3.81G    0.0113   0.01651  0.003652   0.03145        29       640    0.7201    0.8509    0.8532    0.7379   0.01807    0.2032     0.049
   198/299     3.81G   0.01148   0.01643  0.003693    0.0316        33       640    0.7619    0.8429    0.8694    0.7517   0.01808    0.2088   0.04936
   199/299     3.81G   0.01147   0.01636  0.003594   0.03143         6       640    0.7874    0.8212    0.8664    0.7486   0.01808    0.2101   0.04863
   200/299     3.81G   0.01123   0.01616  0.003617     0.031        24       640      0.78    0.8044    0.8532    0.7369   0.01807    0.2086   0.04863
   201/299     3.81G   0.01124   0.01627  0.003544   0.03106        55       640    0.7915    0.8164     0.866    0.7492   0.01806    0.2101   0.04864
   202/299     3.81G   0.01127   0.01657  0.003614   0.03145        25       640    0.7701    0.8394    0.8693    0.7494   0.01804    0.2097   0.04876
   203/299     3.81G   0.01116    0.0159  0.003567   0.03063        17       640    0.8147     0.802    0.8633    0.7496   0.01803    0.2087   0.04887
   204/299     3.81G    0.0113   0.01617  0.003547   0.03102        26       640    0.7598    0.8482    0.8647    0.7489   0.01807    0.2093   0.04892
   205/299     3.81G   0.01122   0.01612  0.003384   0.03072        50       640     0.777     0.823    0.8656    0.7481   0.01805    0.2095   0.04888
   206/299     3.81G   0.01118   0.01608  0.003613   0.03087        16       640     0.771    0.8351    0.8606    0.7403   0.01804     0.206    0.0486
   207/299     3.81G   0.01125   0.01644  0.003431   0.03113        29       640    0.7527    0.8447    0.8559    0.7406   0.01801    0.2108    0.0482
   208/299     3.81G   0.01138   0.01615  0.003601   0.03113        24       640    0.7554    0.8539    0.8674    0.7515     0.018     0.208   0.04828
   209/299     3.81G   0.01102   0.01539  0.003522   0.02994        24       640    0.7729    0.8275    0.8676    0.7507   0.01803    0.2115   0.04832
   210/299     3.81G   0.01104   0.01615  0.003282   0.03047        35       640    0.7664    0.8481    0.8688    0.7548   0.01798    0.2157   0.04853
   211/299     3.81G   0.01113   0.01582  0.003482   0.03043        10       640    0.7463    0.8534    0.8592    0.7447   0.01802     0.211   0.04858
   212/299     3.81G   0.01109   0.01591  0.003445   0.03045        37       640    0.7511     0.853    0.8543    0.7406   0.01796    0.2135   0.04834
   213/299     3.81G   0.01097   0.01637  0.003325   0.03067        23       640    0.7431    0.8603    0.8591    0.7465   0.01799     0.213   0.04841
   214/299     3.81G   0.01107   0.01545  0.003212   0.02973        10       640    0.7319    0.8764    0.8655    0.7512   0.01796    0.2135   0.04867
   215/299     3.81G   0.01103   0.01538  0.003372   0.02978        23       640    0.7454    0.8442    0.8652    0.7489   0.01799    0.2135   0.04886
   216/299     3.81G     0.011   0.01578  0.003228      0.03        26       640    0.7387    0.8651    0.8634    0.7491   0.01796    0.2169   0.04841
   217/299     3.81G   0.01101   0.01457  0.003223    0.0288        10       640    0.8113    0.8055    0.8668    0.7535   0.01793    0.2166   0.04874
   218/299     3.81G   0.01109   0.01547    0.0034   0.02996        38       640     0.784    0.8518    0.8713    0.7573    0.0179    0.2147   0.04902
   219/299     3.81G   0.01097   0.01573  0.003294      0.03        10       640      0.76    0.8461     0.861    0.7457   0.01786    0.2148   0.04935
   220/299     3.81G   0.01088   0.01578  0.003143    0.0298        10       640    0.8048     0.809    0.8664    0.7513   0.01785    0.2199   0.04862
   221/299     3.81G   0.01097   0.01514   0.00319    0.0293        38       640    0.7746    0.8397    0.8568     0.747   0.01786    0.2182   0.04897
   222/299     3.81G   0.01097   0.01534  0.003144   0.02945        44       640    0.7985    0.8169    0.8651    0.7504   0.01794    0.2186   0.04856
   223/299     3.81G   0.01096   0.01538  0.003117   0.02946        21       640    0.7826     0.839    0.8755    0.7587   0.01789    0.2197   0.04902
   224/299     3.81G   0.01082    0.0149  0.003063   0.02878        22       640    0.7802    0.8456    0.8707    0.7541   0.01789     0.217   0.04934
   225/299     3.81G   0.01086   0.01523  0.003072   0.02917        12       640    0.7848    0.8526    0.8649      0.75   0.01788    0.2158   0.04928
   226/299     3.81G   0.01087   0.01549  0.003297   0.02966        21       640    0.7645    0.8394    0.8665    0.7501   0.01787     0.214   0.04871
   227/299     3.81G   0.01086    0.0156  0.002916   0.02937        44       640    0.7841    0.8394    0.8688     0.754   0.01787    0.2188   0.04847
   228/299     3.81G   0.01097   0.01558  0.003271   0.02982        20       640    0.7772    0.8465    0.8652    0.7499   0.01788    0.2179   0.04836
   229/299     3.81G   0.01088   0.01494  0.002999   0.02882        22       640    0.7891    0.8396     0.863    0.7497   0.01793    0.2211   0.04887
   230/299     3.81G   0.01088   0.01456  0.003142   0.02858        30       640    0.7796    0.8415    0.8644    0.7532   0.01786    0.2217   0.04905
   231/299     3.81G   0.01089   0.01533  0.002964   0.02919        39       640    0.7787    0.8459    0.8649    0.7512   0.01787    0.2199   0.04938
   232/299     3.81G   0.01082   0.01502  0.002925   0.02876        17       640    0.7483    0.8603     0.865    0.7512   0.01787    0.2236   0.04883
   233/299     3.81G   0.01085   0.01492  0.002911   0.02869        18       640    0.7894    0.8379    0.8641    0.7506   0.01783    0.2219   0.04869
   234/299     3.81G    0.0108   0.01489  0.002964   0.02866        11       640    0.7813    0.8405    0.8631    0.7507   0.01784    0.2214   0.04936
   235/299     3.81G   0.01071   0.01527  0.002992   0.02897        18       640     0.799      0.82    0.8675    0.7522   0.01781     0.217   0.04973
   236/299     3.81G   0.01072   0.01487  0.002962   0.02855         9       640    0.7802    0.8457    0.8619     0.749   0.01778    0.2194   0.04944
   237/299     3.81G   0.01069   0.01464  0.002998   0.02832        12       640    0.8001    0.8461    0.8772     0.762   0.01778    0.2213   0.04919
   238/299     3.81G   0.01066   0.01428  0.002876   0.02782        24       640    0.7674    0.8591    0.8709    0.7566   0.01782     0.224   0.04944
   239/299     3.81G   0.01071    0.0143  0.002809   0.02782        25       640    0.7752    0.8407     0.871    0.7571   0.01782    0.2233   0.04917
   240/299     3.81G   0.01069   0.01471  0.002833   0.02823        39       640    0.7641    0.8455    0.8641    0.7487   0.01785    0.2226   0.04918
   241/299     3.81G   0.01087   0.01461  0.002799   0.02828        19       640    0.7681    0.8551    0.8606    0.7474   0.01781    0.2274   0.04908
   242/299     3.81G   0.01077   0.01444  0.002894    0.0281        18       640    0.7712    0.8565    0.8649    0.7539   0.01776    0.2238   0.04894
   243/299     3.81G   0.01083   0.01475  0.002981   0.02856        15       640    0.7851    0.8284    0.8633    0.7518   0.01778    0.2228   0.04878
   244/299     3.81G   0.01058   0.01444  0.002949   0.02797        34       640    0.7651    0.8445    0.8663    0.7521   0.01778    0.2245   0.04911
   245/299     3.81G   0.01056   0.01386  0.002851   0.02728        36       640      0.79    0.8233    0.8682    0.7548   0.01781    0.2211   0.04944
   246/299     3.81G   0.01066   0.01417  0.002774    0.0276        64       640    0.7785    0.8399    0.8689    0.7562   0.01776    0.2252   0.04919
   247/299     3.81G   0.01062   0.01418  0.002849   0.02765        15       640    0.7626    0.8548     0.861    0.7499    0.0178    0.2259   0.04932
   248/299     3.81G   0.01058   0.01417  0.002821   0.02758        42       640    0.7727    0.8568    0.8646    0.7543   0.01777    0.2225   0.04938
   249/299     3.81G    0.0107   0.01426   0.00273   0.02769        12       640    0.7734    0.8466    0.8688    0.7561   0.01775    0.2249   0.04928
   250/299     3.81G   0.01062   0.01441  0.002819   0.02784        30       640    0.7657    0.8541    0.8644    0.7498   0.01778    0.2261   0.04928
   251/299     3.81G   0.01073   0.01434  0.002832   0.02791        35       640    0.7737    0.8461    0.8638    0.7517   0.01776    0.2286   0.04885
   252/299     3.81G   0.01054   0.01401   0.00285    0.0274        16       640    0.8117    0.8225      0.87    0.7577   0.01773    0.2243    0.0485
   253/299     3.81G    0.0106   0.01374   0.00275   0.02708        21       640    0.7941    0.8291    0.8675    0.7571   0.01773    0.2291   0.04884
   254/299     3.81G   0.01058   0.01426  0.002602   0.02744        61       640    0.7767     0.846    0.8639    0.7528   0.01776    0.2312   0.04886
   255/299     3.81G   0.01059   0.01372  0.002659   0.02697        12       640    0.7978    0.8272    0.8648     0.751   0.01775    0.2266   0.04929
   256/299     3.81G   0.01051   0.01393  0.002551   0.02698        35       640    0.7852    0.8369    0.8602    0.7499   0.01773    0.2289   0.04944
   257/299     3.81G   0.01051   0.01357  0.002651   0.02673        32       640    0.7884    0.8356    0.8616    0.7517   0.01773    0.2292   0.04952
   258/299     3.81G   0.01056   0.01399  0.002784   0.02733        28       640    0.7885    0.8428    0.8672    0.7558   0.01771    0.2264   0.04968
   259/299     3.81G   0.01051    0.0139  0.002634   0.02704        31       640    0.8032    0.8214    0.8671    0.7547    0.0177    0.2233   0.04949
   260/299     3.81G    0.0105   0.01379  0.002623   0.02691        21       640    0.7663    0.8455    0.8617    0.7511   0.01773    0.2259   0.04932
   261/299     3.81G   0.01047   0.01365  0.002688   0.02681        24       640    0.7928    0.8248    0.8634    0.7525    0.0177     0.227   0.04941
   262/299     3.81G   0.01042   0.01349  0.002482   0.02639        12       640    0.7595    0.8606    0.8681    0.7572    0.0177    0.2289   0.04937
   263/299     3.81G   0.01051   0.01387  0.002509   0.02689        28       640    0.8202    0.8068    0.8735    0.7616   0.01772     0.229   0.04953
   264/299     3.81G   0.01049   0.01367  0.002519   0.02669        20       640    0.7864    0.8408    0.8676    0.7557   0.01773    0.2299   0.04976
   265/299     3.81G   0.01048   0.01423  0.002837   0.02754        17       640    0.8084    0.8079    0.8689    0.7577   0.01774    0.2274   0.04944
   266/299     3.81G   0.01051   0.01378  0.002638   0.02692        26       640    0.8011    0.8452    0.8733    0.7614   0.01773    0.2282   0.04925
   267/299     3.81G   0.01045   0.01331  0.002689   0.02646        17       640    0.7748     0.865    0.8749    0.7622   0.01772    0.2314   0.04929
   268/299     3.81G   0.01049   0.01358  0.002661   0.02672        24       640     0.797    0.8398    0.8725    0.7622   0.01772    0.2316   0.04894
   269/299     3.81G   0.01038   0.01357  0.002541   0.02649        27       640    0.8068    0.8191    0.8613    0.7516   0.01775    0.2321   0.04902
   270/299     3.81G   0.01052   0.01404  0.002606   0.02717        26       640    0.7789    0.8458     0.865    0.7543   0.01775    0.2315   0.04914
   271/299     3.81G   0.01039   0.01358    0.0026   0.02657        23       640    0.7859    0.8442    0.8686    0.7577    0.0177    0.2311   0.04933
   272/299     3.81G   0.01038   0.01373  0.002549   0.02666        20       640    0.7866    0.8436    0.8659    0.7553   0.01772    0.2299   0.04916
   273/299     3.81G   0.01044   0.01375   0.00262   0.02681        13       640    0.7837    0.8453     0.869    0.7589    0.0177    0.2296   0.04925
   274/299     3.81G   0.01039   0.01322  0.002548   0.02616        23       640    0.8007    0.8381    0.8709    0.7598    0.0177    0.2288    0.0494
   275/299     3.81G   0.01042    0.0137  0.002649   0.02677        23       640    0.7956    0.8328    0.8727      0.76   0.01771    0.2288   0.04914
   276/299     3.81G   0.01028   0.01308  0.002476   0.02583        15       640    0.7927    0.8413    0.8674    0.7577   0.01769    0.2295   0.04899
   277/299     3.81G   0.01041    0.0136  0.002493    0.0265        37       640    0.8017    0.8321    0.8692    0.7602   0.01768    0.2306    0.0492
   278/299     3.81G   0.01034   0.01332  0.002569   0.02623        32       640    0.7979    0.8423    0.8715    0.7588   0.01769    0.2324   0.04924
   279/299     3.81G    0.0103   0.01355  0.002357   0.02621        38       640    0.7798    0.8571    0.8691    0.7581   0.01766    0.2331   0.04943
   280/299     3.81G   0.01025    0.0134  0.002401   0.02605        32       640    0.8061    0.8322    0.8704    0.7599   0.01769    0.2335     0.049
   281/299     3.81G   0.01037   0.01309  0.002538     0.026        15       640     0.795    0.8463    0.8704    0.7589    0.0177    0.2331   0.04934
   282/299     3.81G   0.01037   0.01326  0.002524   0.02615        27       640    0.7703    0.8563    0.8647    0.7546   0.01768    0.2332    0.0496
   283/299     3.81G   0.01038   0.01301  0.002569   0.02596        10       640    0.7967    0.8297    0.8662    0.7583   0.01767    0.2348   0.04931
   284/299     3.81G   0.01031   0.01267  0.002304   0.02528        30       640    0.8007    0.8194    0.8665    0.7572   0.01766     0.234   0.04955
   285/299     3.81G   0.01032   0.01278  0.002442   0.02554         8       640    0.8168    0.8211    0.8714    0.7614   0.01765    0.2334   0.04986
   286/299     3.81G   0.01036   0.01328  0.002585   0.02622        14       640    0.8338    0.8065    0.8711    0.7597   0.01765    0.2318   0.04952
   287/299     3.81G   0.01029   0.01346  0.002408   0.02615        46       640    0.8019    0.8309    0.8723    0.7624   0.01768    0.2324    0.0491
   288/299     3.81G   0.01025   0.01321  0.002437    0.0259        29       640    0.8034    0.8237    0.8714     0.761   0.01766    0.2326   0.04941
   289/299     3.81G   0.01037   0.01336  0.002509   0.02624        14       640    0.7855    0.8408     0.868    0.7575   0.01765    0.2325   0.04947
   290/299     3.81G   0.01036   0.01299   0.00254   0.02589        15       640    0.8443    0.7891    0.8671    0.7573   0.01766    0.2367   0.04914
   291/299     3.81G   0.01034   0.01276  0.002589   0.02569        13       640    0.7969     0.831    0.8675    0.7584   0.01766    0.2365   0.04915
   292/299     3.81G   0.01026   0.01292  0.002433   0.02562        23       640    0.7711     0.865     0.868    0.7584   0.01767    0.2361   0.04914
   293/299     3.81G   0.01035   0.01336  0.002588   0.02629        44       640    0.7917     0.851    0.8682    0.7583   0.01765     0.233   0.04969
   294/299     3.81G   0.01037   0.01416  0.002587   0.02711        29       640    0.8075    0.8153    0.8664    0.7563   0.01765    0.2325   0.04929
   295/299     3.81G   0.01034   0.01302  0.002434   0.02579        15       640    0.8098    0.8278    0.8687      0.76   0.01766    0.2341   0.04917
   296/299     3.81G   0.01023   0.01271  0.002563   0.02551        18       640    0.7812    0.8487    0.8634    0.7528   0.01768    0.2352   0.04912
   297/299     3.81G   0.01028   0.01324  0.002379   0.02589        30       640      0.81    0.8239    0.8654    0.7556   0.01767    0.2348   0.04898
   298/299     3.81G   0.01035   0.01306   0.00249    0.0259        18       640    0.8175    0.8173    0.8671    0.7563   0.01766    0.2347   0.04924
   299/299     3.81G   0.01032   0.01383  0.002554    0.0267        20       640    0.8144    0.8209    0.8673    0.7587   0.01764    0.2319   0.04936
