     0/299     3.59G   0.03693    0.5309   0.08795    0.6558        24       640  0.004737   0.03363 0.0001244 3.439e-05   0.03972     2.986    0.1229
     1/299     3.79G   0.04725   0.03602     0.105    0.1882        29       640   0.04781    0.3724   0.03893  0.009447   0.04936   0.05126   0.09776
     2/299      3.8G   0.04504   0.03351   0.07192    0.1505        35       640    0.1687     0.288   0.04017   0.01583   0.04537   0.05103     0.063
     3/299      3.8G   0.04461   0.03037    0.0415    0.1165        52       640    0.2554    0.4512    0.0624    0.0229   0.04674    0.1508   0.04989
     4/299      3.8G   0.04517   0.02726   0.03587    0.1083        13       640     0.167    0.2683   0.05156   0.01338    0.0473    0.1966   0.04968
     5/299      3.8G   0.04412    0.0233   0.03552    0.1029         8       640    0.5222    0.3146   0.07467   0.03224   0.04515   0.09849   0.04806
     6/299      3.8G    0.0395   0.02037   0.03475   0.09462        28       640     0.586    0.3372    0.1049   0.05091   0.04582   0.08201   0.04855
     7/299      3.8G   0.03802   0.01887   0.03448   0.09137        15       640    0.5607    0.4335    0.0985   0.04005   0.04538   0.08237   0.04905
     8/299      3.8G   0.03715   0.01823   0.03436   0.08975        25       640    0.5662    0.3486    0.1281   0.05627   0.04669   0.08323   0.04856
     9/299      3.8G   0.03482   0.01805   0.03459   0.08745        14       640     0.558    0.4308    0.1537     0.093   0.04122   0.07135   0.04942
    10/299      3.8G   0.03235   0.01918   0.03406   0.08559        24       640    0.5484    0.4376    0.1559   0.08516   0.04173   0.06662   0.04954
    11/299      3.8G   0.03177   0.02108   0.03365    0.0865        26       640    0.0534    0.5631   0.09087   0.04923   0.04281   0.04981   0.04937
    12/299      3.8G   0.03094   0.02112   0.03301   0.08507        22       640    0.4936    0.3946    0.1678   0.09403   0.03988   0.05277   0.04706
    13/299      3.8G   0.03005   0.02118   0.03143   0.08265        31       640    0.5773    0.3675     0.186    0.1098   0.03901   0.05634    0.0462
    14/299      3.8G    0.0292   0.02242   0.03004   0.08167         7       640   0.09876    0.3885     0.177    0.1078   0.03828   0.05389   0.04598
    15/299      3.8G   0.02832   0.02291    0.0298   0.08103        27       640    0.5847    0.4473     0.177    0.1145   0.03744   0.05207   0.04708
    16/299      3.8G   0.02873   0.02266   0.02876   0.08015        18       640     0.436    0.3203    0.1657    0.1013    0.0378   0.05878   0.05008
    17/299      3.8G   0.02622   0.02204   0.02752   0.07578        19       640    0.5164    0.4446    0.1929    0.1339    0.0352   0.05261   0.04669
    18/299      3.8G    0.0275   0.02173   0.02659   0.07582        28       640    0.5312    0.3721    0.1856    0.1108    0.0384   0.05226   0.04914
    19/299      3.8G   0.02572   0.02242   0.02658   0.07472        13       640    0.5227    0.4312     0.198    0.1447    0.0338   0.05305   0.04838
    20/299      3.8G   0.02582   0.02072   0.02559   0.07213        30       640    0.5143    0.4448    0.2008    0.1453   0.03538   0.05106   0.04754
    21/299      3.8G   0.02625   0.02125    0.0258    0.0733        23       640    0.6099    0.4127    0.2397     0.173   0.03438   0.04826   0.04746
    22/299      3.8G   0.02533   0.02136   0.02502    0.0717        22       640    0.5319    0.4119    0.2046    0.1268   0.03787   0.05053   0.04929
    23/299      3.8G   0.02555    0.0205    0.0246   0.07065        25       640    0.6092    0.4206    0.2219    0.1591   0.03369   0.04869   0.04931
    24/299      3.8G   0.02543   0.02091   0.02418   0.07051        21       640    0.6146     0.436    0.2391    0.1705   0.03335   0.04694     0.048
    25/299      3.8G   0.02374   0.02138   0.02399   0.06911        14       640     0.614    0.4432    0.2442     0.176   0.03286   0.04873   0.04811
    26/299      3.8G   0.02534   0.02098   0.02383   0.07015        32       640    0.6029    0.4343      0.23    0.1615   0.03231   0.04826      0.05
    27/299      3.8G   0.02487   0.02075   0.02367   0.06929        30       640    0.5366    0.4369    0.2312    0.1725   0.03141   0.04934   0.04994
    28/299      3.8G   0.02324   0.01979   0.02337   0.06641        38       640    0.6109    0.4081    0.2053    0.1493   0.03301   0.05177   0.05059
    29/299      3.8G   0.02259   0.02083   0.02356   0.06698        14       640    0.6364    0.4033    0.2644    0.1993   0.03316    0.0445   0.04922
    30/299      3.8G   0.02409   0.02032   0.02332   0.06773        27       640     0.625    0.3995    0.2479    0.1899   0.03036   0.04555   0.04883
    31/299      3.8G   0.02332   0.02057    0.0228   0.06669        17       640    0.6126    0.4526    0.2679    0.1971   0.03262   0.04562    0.0487
    32/299      3.8G   0.02317   0.02039   0.02291   0.06647         7       640    0.6024    0.4166    0.2347    0.1799    0.0317   0.04679   0.04971
    33/299      3.8G   0.02254   0.01985   0.02249   0.06488        22       640    0.6346    0.3932    0.2742     0.211   0.03052   0.04496   0.04862
    34/299      3.8G   0.02248   0.01993   0.02208   0.06449        49       640    0.6302    0.4122    0.2797    0.2125    0.0319   0.04559   0.04859
    35/299      3.8G   0.02283   0.01939    0.0224   0.06462        18       640    0.6541    0.4053    0.2775    0.1927   0.03406   0.04506   0.04854
    36/299      3.8G   0.02356   0.01978   0.02214   0.06548        17       640    0.6217    0.4049    0.2541    0.1619    0.0374   0.04625   0.04857
    37/299      3.8G   0.02325   0.01955   0.02222   0.06502        24       640    0.6346    0.3939    0.2383    0.1779   0.02985   0.04227   0.05091
    38/299      3.8G   0.02151   0.01963   0.02181   0.06294        15       640    0.6508     0.409    0.2775     0.206   0.03174   0.04305   0.04896
    39/299      3.8G    0.0211   0.01987   0.02177   0.06275        23       640    0.6517       0.4    0.2739    0.2065   0.03086   0.04288   0.04904
    40/299      3.8G   0.02191   0.01969    0.0217    0.0633        37       640    0.6446     0.392    0.2822    0.2117    0.0308   0.04453   0.04895
    41/299      3.8G   0.02119   0.01885   0.02163   0.06167        22       640     0.662    0.3974    0.3079    0.2448   0.02917   0.04654   0.04904
    42/299      3.8G   0.02174   0.01924   0.02155   0.06253        39       640    0.6515    0.3918    0.2783    0.2161    0.0299    0.0428   0.04953
    43/299      3.8G    0.0218   0.01974   0.02129   0.06284        30       640    0.6844    0.3711    0.3111    0.2425   0.02875   0.04341     0.049
    44/299      3.8G    0.0205   0.01909   0.02098   0.06057        18       640     0.655    0.4006    0.3201    0.2552   0.02939     0.044   0.04861
    45/299      3.8G   0.02124    0.0195   0.02085   0.06159         9       640    0.6583    0.3936    0.3072    0.2366   0.02917     0.043   0.04872
    46/299      3.8G   0.02049   0.01943   0.02076   0.06068        15       640    0.6674    0.4082    0.3101    0.2345   0.02944   0.04225    0.0491
    47/299      3.8G   0.02153   0.01899   0.02072   0.06124         7       640    0.6592    0.3983    0.3096    0.2439   0.02951   0.04622   0.04914
    48/299      3.8G    0.0205   0.01949   0.02051    0.0605         7       640    0.6707    0.4115    0.3291    0.2491   0.02968   0.04329    0.0483
    49/299      3.8G   0.01973   0.01872   0.01983   0.05828        10       640     0.692    0.3846    0.3347    0.2581   0.02996   0.04535   0.04807
    50/299      3.8G     0.021   0.01935   0.01985    0.0602        29       640    0.6307    0.4074    0.3484    0.2701   0.02926   0.04614   0.04841
    51/299      3.8G   0.02019   0.01842   0.02023   0.05884        19       640    0.6178     0.392    0.3276    0.2459   0.03043   0.04734   0.04916
    52/299      3.8G   0.02173   0.01931   0.02026   0.06129        17       640    0.6236    0.4389    0.3706    0.2893   0.03003   0.04474   0.04832
    53/299      3.8G   0.02134   0.01855   0.01965   0.05955        26       640    0.5626    0.4431    0.3778    0.2964   0.02885   0.04461    0.0477
    54/299      3.8G   0.02051   0.01933   0.01927   0.05911        41       640     0.572    0.4678    0.3892    0.3005   0.02858   0.04395   0.04785
    55/299      3.8G   0.01983   0.01968   0.01933   0.05884         9       640    0.5771    0.4529     0.401    0.3144   0.02935   0.04569   0.04721
    56/299      3.8G   0.01925   0.01875   0.01906   0.05706        36       640    0.5858    0.4368    0.3775    0.2916   0.02915   0.04443   0.04783
    57/299      3.8G    0.0201    0.0187   0.01896   0.05777        31       640    0.5862    0.4436    0.3835    0.2934   0.02952   0.04638   0.04756
    58/299      3.8G   0.01905   0.01954   0.01924   0.05784        46       640    0.6084    0.4819    0.4208    0.3358   0.02851   0.04588   0.04712
    59/299      3.8G   0.01913   0.01934   0.01844   0.05691        42       640    0.6043    0.4749    0.4189    0.3213   0.02866   0.04442   0.04697
    60/299      3.8G   0.02102   0.01933   0.01829   0.05864        16       640    0.4044    0.6304    0.4428    0.3549   0.02842   0.04538   0.04686
    61/299      3.8G   0.01905   0.01835   0.01844   0.05584        14       640     0.618    0.4918    0.4465    0.3527   0.02853   0.04485   0.04656
    62/299      3.8G   0.01934   0.01958   0.01751   0.05643        16       640    0.3977     0.627     0.447    0.3583   0.02818   0.04373     0.047
    63/299      3.8G   0.01894   0.01856   0.01749   0.05499        29       640    0.4234    0.5532    0.4412    0.3573   0.02816   0.04555    0.0468
    64/299      3.8G   0.01962   0.01923   0.01757   0.05642        27       640    0.6684    0.4452    0.4705    0.3808   0.02817   0.04391   0.04662
    65/299      3.8G   0.01855   0.01837   0.01691   0.05384        12       640    0.4936      0.61    0.4808    0.3798   0.02869   0.04587    0.0463
    66/299      3.8G   0.02059   0.01927   0.01689   0.05674        31       640    0.5361    0.5526    0.4717    0.3762   0.02862   0.04578   0.04628
    67/299      3.8G   0.01945   0.01952   0.01684   0.05581         8       640    0.5406     0.513    0.4754    0.3856   0.02806   0.04526   0.04647
    68/299      3.8G   0.01846   0.01818   0.01634   0.05299        35       640    0.5703    0.4942    0.4878    0.3846   0.02882   0.04608   0.04625
    69/299      3.8G   0.01947   0.01937   0.01658   0.05542        28       640    0.5484    0.5962    0.5314    0.4262   0.02843   0.04428   0.04568
    70/299      3.8G   0.02004   0.01858   0.01604   0.05466        18       640    0.5615    0.6016    0.5144    0.4145   0.02828   0.04488    0.0458
    71/299      3.8G    0.0198   0.01915   0.01609   0.05503        15       640    0.5679     0.558    0.5183    0.4115   0.02822   0.04449   0.04585
    72/299      3.8G   0.01762   0.01874   0.01622   0.05258        17       640    0.6048    0.5695    0.5396    0.4344   0.02786   0.04534   0.04565
    73/299      3.8G   0.01874    0.0189   0.01539   0.05302        27       640    0.6429    0.5629    0.5507    0.4411   0.02833   0.04461   0.04538
    74/299      3.8G   0.01988   0.01916   0.01552   0.05456        63       640    0.6233    0.5596    0.5488    0.4437   0.02776   0.04506   0.04636
    75/299      3.8G   0.01952   0.01829   0.01548   0.05329        27       640     0.649    0.5379    0.5652    0.4568   0.02784   0.04563    0.0455
    76/299      3.8G   0.01897   0.01866   0.01538   0.05301        12       640    0.6042    0.6149    0.5599    0.4548   0.02807   0.04491   0.04587
    77/299      3.8G   0.01809   0.01932   0.01513   0.05254        11       640    0.6517     0.534    0.5644    0.4466    0.0282   0.04573   0.04519
    78/299      3.8G   0.01958   0.01883   0.01536   0.05377        13       640    0.6304    0.5724    0.5611    0.4571   0.02825   0.04553   0.04531
    79/299      3.8G   0.01788   0.01865   0.01534   0.05187         8       640    0.6629    0.5631    0.5657    0.4588   0.02729   0.04419   0.04595
    80/299      3.8G   0.01806   0.01833   0.01493   0.05132        25       640    0.7035    0.5609    0.6149    0.4949   0.02813   0.04498     0.045
    81/299      3.8G   0.01895   0.01928    0.0146   0.05282        19       640    0.6186    0.6472    0.5925    0.4787   0.02759    0.0454   0.04545
    82/299      3.8G   0.01648   0.01821    0.0141   0.04879        36       640    0.6026    0.6489     0.594    0.4829   0.02756   0.04521   0.04537
    83/299      3.8G   0.01712   0.01822   0.01426    0.0496        19       640    0.6886     0.568    0.6096    0.4993   0.02763   0.04647   0.04553
    84/299      3.8G   0.01782   0.01842   0.01418   0.05042        13       640    0.4814    0.7356    0.6139    0.5003   0.02755   0.04585   0.04466
    85/299      3.8G   0.01837   0.01919   0.01383   0.05139        45       640    0.4878    0.6616    0.5882     0.476   0.02781   0.04693   0.04475
    86/299      3.8G   0.01721   0.01878   0.01389   0.04988        27       640    0.6886    0.5558    0.6172    0.4836   0.02864   0.04591   0.04519
    87/299      3.8G   0.01861   0.01965   0.01395   0.05221        36       640    0.4943    0.7271    0.6208    0.4944    0.0275   0.04557   0.04539
    88/299      3.8G   0.01802   0.01914   0.01406   0.05122        26       640    0.4781    0.7839    0.6296    0.5039   0.02785   0.04545   0.04529
    89/299      3.8G   0.01837   0.01823   0.01399    0.0506        15       640    0.7341    0.5545    0.6384    0.5149   0.02784   0.04776   0.04499
    90/299      3.8G   0.01807   0.01825   0.01377   0.05009        37       640    0.4531    0.7978    0.6043    0.4885   0.02755   0.04555     0.045
    91/299      3.8G    0.0182   0.01836   0.01332   0.04988        22       640    0.4804    0.7622    0.6277    0.5091   0.02761   0.04702    0.0452
    92/299      3.8G   0.01767    0.0187   0.01313   0.04949        18       640    0.5115    0.7243    0.6411    0.5218   0.02729   0.04665   0.04456
    93/299      3.8G   0.01619   0.01849    0.0134   0.04808         8       640    0.7363    0.5845    0.6464    0.5336     0.027   0.04741    0.0447
    94/299      3.8G   0.01619   0.01762   0.01261   0.04642        25       640    0.4562    0.8081    0.6192    0.5005    0.0271   0.04574   0.04467
    95/299      3.8G     0.018   0.01771   0.01295   0.04866        14       640    0.5141    0.7323    0.6402    0.5259   0.02741   0.04678   0.04434
    96/299      3.8G   0.01679   0.01843    0.0131   0.04832        23       640    0.5007    0.7514    0.6427    0.5271   0.02703   0.04677    0.0448
    97/299      3.8G   0.01659   0.01748   0.01275   0.04682        14       640    0.4786    0.7828    0.6455    0.5287   0.02718   0.04701   0.04437
    98/299      3.8G    0.0166   0.01789   0.01282   0.04732        20       640    0.6535    0.6873    0.6613    0.5399   0.02746   0.04717   0.04459
    99/299      3.8G   0.01712   0.01817   0.01222   0.04751        27       640    0.5999    0.6701    0.6349    0.5214   0.02689    0.0472   0.04445
   100/299      3.8G   0.01726   0.01816   0.01248    0.0479        12       640    0.4762    0.8318    0.6426     0.528   0.02716    0.0466    0.0448
   101/299      3.8G   0.01681   0.01866   0.01215   0.04762        36       640     0.502    0.7789    0.6565    0.5385   0.02687   0.04751   0.04485
   102/299      3.8G   0.01703   0.01848   0.01252   0.04803        16       640    0.5208    0.7522     0.651    0.5353   0.02708   0.04584   0.04471
   103/299      3.8G   0.01654   0.01734   0.01195   0.04583        15       640     0.592    0.7234    0.6684     0.552   0.02732   0.04734   0.04514
   104/299      3.8G   0.01659   0.01807   0.01193   0.04659        19       640    0.5975    0.6999    0.6635    0.5486   0.02686   0.04751   0.04433
   105/299      3.8G   0.01718   0.01819     0.012   0.04737        18       640    0.4734    0.8164    0.6481    0.5354   0.02698   0.04685   0.04446
   106/299      3.8G   0.01609   0.01757   0.01225   0.04591        45       640    0.4947    0.8357    0.6515    0.5452   0.02653   0.04604   0.04466
   107/299      3.8G   0.01668   0.01802   0.01199   0.04669        24       640     0.525    0.8098    0.6652    0.5487   0.02701   0.04821   0.04459
   108/299      3.8G   0.01657    0.0178   0.01164   0.04601        39       640    0.5088    0.8122    0.6704    0.5526   0.02716   0.04745   0.04426
   109/299      3.8G   0.01545   0.01781   0.01168   0.04494        12       640    0.5352    0.7882    0.6789    0.5635   0.02675   0.04687    0.0446
   110/299      3.8G   0.01578   0.01741   0.01177   0.04496         8       640    0.6466    0.6632    0.6789    0.5653   0.02664   0.04722   0.04423
   111/299      3.8G   0.01559   0.01726   0.01177   0.04462        11       640    0.6501    0.6982    0.6848    0.5738   0.02661     0.047     0.044
   112/299      3.8G   0.01594   0.01749   0.01111   0.04454        36       640    0.6179    0.6661    0.6798    0.5681   0.02664   0.04754   0.04415
   113/299      3.8G   0.01539   0.01765   0.01135   0.04439        40       640    0.5205    0.8473    0.6854     0.575   0.02648   0.04792   0.04399
   114/299      3.8G   0.01579   0.01726    0.0115   0.04454        17       640    0.6573    0.6732    0.7035    0.5862   0.02674   0.04788   0.04368
   115/299      3.8G   0.01642    0.0177   0.01145   0.04557        32       640    0.7514    0.6654    0.7059    0.5845   0.02673   0.04837   0.04414
   116/299      3.8G   0.01639   0.01748   0.01131   0.04519        41       640    0.6871    0.6823    0.6985    0.5879   0.02657   0.04729   0.04401
   117/299      3.8G   0.01594   0.01758    0.0112   0.04472        32       640    0.7649    0.6419    0.7099     0.586   0.02717   0.04832    0.0437
   118/299      3.8G   0.01627   0.01709     0.011   0.04436        24       640    0.6452    0.7334    0.7031    0.5925   0.02644   0.04727    0.0437
   119/299      3.8G    0.0154   0.01684   0.01084   0.04308        26       640    0.6324    0.7231    0.7115    0.6017   0.02665   0.04805   0.04391
   120/299      3.8G   0.01572   0.01658   0.01069   0.04299        28       640    0.6603    0.7319    0.7115    0.5962   0.02665   0.04812   0.04404
   121/299      3.8G   0.01587   0.01773   0.01101   0.04461        20       640    0.5794    0.7847    0.7113     0.597   0.02661   0.04702   0.04381
   122/299      3.8G   0.01578   0.01705     0.011   0.04383        16       640    0.5343    0.8475    0.7173    0.6067   0.02641   0.04777   0.04388
   123/299      3.8G   0.01558   0.01806   0.01076    0.0444        37       640    0.7243    0.7069    0.7423    0.6238   0.02649   0.04823   0.04336
   124/299      3.8G    0.0147   0.01706    0.0107   0.04246        29       640     0.662    0.7335    0.7283    0.6193   0.02622   0.04766   0.04392
   125/299      3.8G   0.01466   0.01716   0.01059   0.04241        27       640    0.5728    0.8394    0.7385    0.6131   0.02689   0.04817   0.04331
   126/299      3.8G   0.01553   0.01734   0.01062   0.04349        21       640     0.587    0.8093    0.7412    0.6279    0.0265   0.04827    0.0435
   127/299      3.8G   0.01496   0.01673   0.01065   0.04234        64       640    0.5685    0.8429    0.7338    0.6224   0.02636   0.04828   0.04327
   128/299      3.8G   0.01437   0.01654   0.01072   0.04163        21       640    0.7059    0.7217    0.7529    0.6427    0.0263   0.04861   0.04351
   129/299      3.8G   0.01433   0.01744   0.01067   0.04244        28       640    0.5782    0.8298    0.7457    0.6327   0.02618   0.04757   0.04321
   130/299      3.8G   0.01514   0.01751   0.01035   0.04299        48       640    0.5572    0.8678    0.7474    0.6329   0.02635   0.04916   0.04338
   131/299      3.8G   0.01419   0.01672   0.01024   0.04115        13       640    0.5985    0.8389    0.7478    0.6334   0.02624   0.04874   0.04322
   132/299      3.8G   0.01507   0.01693   0.01045   0.04246        24       640    0.6804     0.763    0.7593    0.6355   0.02665   0.04836   0.04326
   133/299      3.8G   0.01519   0.01739   0.01036   0.04293        47       640    0.5501    0.8681    0.7519     0.637   0.02641   0.04835   0.04373
   134/299      3.8G   0.01447   0.01689   0.01022   0.04159        14       640    0.5703     0.878    0.7633    0.6479   0.02626   0.04842   0.04328
   135/299      3.8G   0.01398    0.0172   0.01019   0.04137        12       640    0.6075    0.8517    0.7731    0.6538   0.02631    0.0494   0.04294
   136/299      3.8G   0.01419   0.01616   0.01007   0.04042        12       640    0.6208    0.8223    0.7619    0.6481   0.02612     0.048   0.04298
   137/299      3.8G   0.01454   0.01719   0.01004   0.04178         8       640    0.6045    0.8229    0.7679    0.6525   0.02621    0.0495   0.04298
   138/299      3.8G   0.01454   0.01604  0.009808   0.04039        13       640    0.6167    0.8282    0.7665      0.65   0.02616    0.0496   0.04322
   139/299      3.8G   0.01513   0.01626  0.009847   0.04124        29       640    0.6078    0.8055    0.7613    0.6463   0.02606   0.04797   0.04331
   140/299      3.8G   0.01419   0.01674  0.009782   0.04071        24       640    0.6257    0.8437    0.7842    0.6679   0.02602   0.04864   0.04285
   141/299      3.8G   0.01328   0.01579  0.009957   0.03902        20       640    0.6179     0.854    0.7891    0.6716   0.02604    0.0489   0.04283
   142/299      3.8G   0.01351   0.01618  0.009527   0.03922        28       640    0.6089    0.8428    0.7795    0.6592   0.02615   0.04933   0.04298
   143/299      3.8G   0.01439   0.01628  0.009616   0.04029        39       640    0.6182     0.836    0.7776    0.6539   0.02617   0.04906   0.04297
   144/299      3.8G   0.01466   0.01686  0.009788   0.04131        16       640    0.6006    0.8375    0.7776     0.663   0.02604   0.04856   0.04292
   145/299      3.8G   0.01434   0.01637  0.009473   0.04019        35       640    0.6519    0.8485    0.7864    0.6718   0.02598   0.04936   0.04287
   146/299      3.8G   0.01362   0.01635  0.009195   0.03917        14       640    0.6421    0.8494    0.7886    0.6731   0.02602   0.05091   0.04251
   147/299      3.8G    0.0136   0.01611  0.009424   0.03913        37       640    0.6272    0.8654    0.7964    0.6763   0.02597   0.05031   0.04246
   148/299      3.8G    0.0142   0.01618  0.009069   0.03944        10       640    0.6072     0.858    0.7915    0.6711   0.02625   0.04935   0.04278
   149/299      3.8G    0.0136    0.0159  0.009451   0.03895        38       640    0.7053    0.7809    0.7905    0.6742   0.02597   0.04942   0.04286
   150/299      3.8G   0.01411    0.0165  0.009171   0.03979        21       640    0.6244    0.8639    0.7942    0.6749   0.02596   0.05062   0.04255
   151/299      3.8G   0.01409   0.01664  0.009191   0.03992        28       640    0.6365    0.8487    0.7858    0.6727   0.02601   0.05003   0.04226
   152/299      3.8G   0.01349   0.01562  0.009374   0.03848         9       640    0.6477    0.7968    0.7816    0.6698   0.02598   0.04931   0.04279
   153/299      3.8G   0.01392   0.01569  0.009225   0.03883        40       640    0.6679    0.8338    0.7956     0.677     0.026   0.04926   0.04242
   154/299      3.8G   0.01391   0.01604  0.009165   0.03911        20       640    0.6755    0.7994    0.7952    0.6801   0.02595   0.05025    0.0423
   155/299      3.8G   0.01372    0.0161  0.009366   0.03918        16       640    0.6372    0.8428    0.7941     0.679   0.02594   0.05009   0.04207
   156/299      3.8G   0.01325    0.0157   0.00911   0.03806        21       640     0.744    0.7567    0.7941    0.6798   0.02603   0.04976   0.04208
   157/299      3.8G   0.01286   0.01554  0.008959   0.03735        10       640    0.6042    0.8704     0.786    0.6724   0.02595    0.0498   0.04237
   158/299      3.8G    0.0129   0.01577  0.008805   0.03748        24       640    0.7265    0.7931    0.7968    0.6835   0.02592   0.05027   0.04236
   159/299      3.8G    0.0131   0.01578   0.00885   0.03773        22       640     0.734    0.7368    0.7963    0.6813   0.02589   0.04887   0.04228
   160/299      3.8G   0.01328   0.01544  0.008896   0.03762        18       640     0.731    0.7581    0.8045    0.6856   0.02589   0.04968   0.04211
   161/299      3.8G   0.01355   0.01556  0.008734   0.03784        37       640    0.7456    0.7602    0.8119    0.6949   0.02594   0.05002   0.04225
   162/299      3.8G    0.0127   0.01546  0.008692   0.03685        23       640    0.7634    0.7557    0.8094    0.6945   0.02593   0.05073   0.04195
   163/299      3.8G   0.01292   0.01558  0.008513   0.03701        17       640    0.6562     0.856    0.8167    0.6997   0.02585   0.05058   0.04196
   164/299      3.8G   0.01238   0.01547  0.008754    0.0366        40       640    0.7877    0.7416    0.8265    0.7093   0.02586   0.05086   0.04183
   165/299      3.8G   0.01253   0.01537  0.008625   0.03652        41       640    0.7739    0.7478    0.8282    0.7086   0.02589   0.05076   0.04166
   166/299      3.8G   0.01315   0.01535  0.008407   0.03691         9       640    0.7803    0.7232    0.8055    0.6895    0.0259   0.05108   0.04161
   167/299      3.8G   0.01256   0.01513  0.008373   0.03606        11       640     0.628    0.8654    0.8056    0.6895   0.02579   0.05084    0.0417
   168/299      3.8G   0.01238   0.01529   0.00844   0.03611        17       640    0.6717    0.8546    0.8104    0.6956   0.02593   0.05175   0.04158
   169/299      3.8G   0.01241   0.01582  0.008302   0.03653        15       640    0.6972    0.8114    0.8189    0.7028   0.02581   0.05111   0.04136
   170/299      3.8G   0.01271   0.01452  0.008414   0.03563        30       640    0.7318    0.7907    0.8111    0.6973   0.02578   0.05179   0.04175
   171/299      3.8G   0.01283   0.01534  0.008324   0.03649        49       640    0.6763    0.8348    0.8099    0.6999   0.02576     0.051   0.04155
   172/299      3.8G   0.01257   0.01522  0.008473   0.03627        55       640    0.6552    0.8572    0.8178    0.7012   0.02582   0.05133   0.04156
   173/299      3.8G   0.01256   0.01527  0.008272   0.03609        18       640    0.6595    0.8666    0.8143    0.6991   0.02574    0.0515   0.04142
   174/299      3.8G   0.01289   0.01543  0.008082    0.0364        24       640    0.7326    0.8112    0.8277    0.7121   0.02583   0.05204   0.04159
   175/299      3.8G   0.01241   0.01511  0.008088   0.03561        39       640    0.6549    0.8655    0.8225    0.7085   0.02574   0.05225   0.04143
   176/299      3.8G   0.01264    0.0155  0.008344   0.03649        35       640    0.6975    0.8073    0.8152    0.7017   0.02574   0.05138   0.04155
   177/299      3.8G   0.01234   0.01467  0.008097   0.03511        24       640    0.6766    0.8635    0.8305    0.7159   0.02574   0.05182   0.04119
   178/299      3.8G    0.0123   0.01471  0.007683   0.03469        19       640    0.6611    0.8472    0.8192    0.7038   0.02579   0.05183   0.04149
   179/299      3.8G   0.01228   0.01456  0.007854    0.0347        52       640    0.6671    0.8515    0.8235    0.7084   0.02574   0.05319   0.04122
   180/299      3.8G   0.01227   0.01512  0.008226   0.03562        30       640    0.7194    0.8097    0.8256    0.7118   0.02578   0.05168   0.04133
   181/299      3.8G   0.01213   0.01476  0.008023   0.03491         5       640    0.6663    0.8673    0.8253    0.7145   0.02576   0.05194   0.04118
   182/299      3.8G   0.01213   0.01449  0.008004   0.03462        13       640    0.6789    0.8528    0.8336    0.7141   0.02577   0.05217   0.04109
   183/299      3.8G   0.01203   0.01455  0.007983   0.03456        23       640    0.6543    0.8874    0.8292     0.714    0.0257   0.05176    0.0411
   184/299      3.8G   0.01176   0.01466  0.007779    0.0342        50       640    0.6983    0.8319    0.8313    0.7156   0.02581   0.05249   0.04104
   185/299      3.8G   0.01219   0.01514  0.007606   0.03494        32       640    0.6724    0.8696    0.8404    0.7238   0.02575   0.05277   0.04088
   186/299      3.8G   0.01173   0.01519  0.007515   0.03444        12       640    0.6604     0.878    0.8232    0.7085   0.02572   0.05238   0.04104
   187/299      3.8G   0.01197    0.0144  0.007529    0.0339         8       640    0.6931    0.8511     0.829    0.7161   0.02567   0.05281    0.0413
   188/299      3.8G   0.01169   0.01427  0.007637    0.0336        22       640    0.7035    0.8285    0.8322    0.7159   0.02571   0.05264   0.04104
   189/299      3.8G   0.01154   0.01476   0.00768   0.03398        21       640     0.683    0.8523    0.8415    0.7258   0.02568    0.0522   0.04115
   190/299      3.8G   0.01157   0.01467  0.007465    0.0337        36       640     0.699    0.8624    0.8329     0.719   0.02566   0.05272   0.04063
   191/299      3.8G   0.01175   0.01508  0.007602   0.03443        14       640     0.689    0.8378    0.8292    0.7174    0.0256   0.05214   0.04065
   192/299      3.8G   0.01156   0.01449  0.007495   0.03354        40       640     0.671     0.876    0.8342    0.7201   0.02565   0.05293   0.04053
   193/299      3.8G   0.01175   0.01453  0.007492   0.03378        10       640    0.6754    0.8565    0.8346    0.7213   0.02567   0.05315   0.04058
   194/299      3.8G   0.01139   0.01503  0.007442   0.03387         6       640    0.8207    0.7639    0.8449    0.7311    0.0256   0.05271   0.04033
   195/299      3.8G   0.01146   0.01454  0.007341   0.03334        39       640    0.6851     0.852    0.8371    0.7229   0.02563   0.05225   0.04071
   196/299      3.8G   0.01127   0.01454  0.007388   0.03321        12       640    0.7091    0.8408    0.8347    0.7233   0.02561   0.05224   0.04019
   197/299      3.8G   0.01121   0.01414  0.007097   0.03245        29       640    0.6864    0.8655    0.8395    0.7276   0.02561   0.05252   0.04016
   198/299      3.8G   0.01131   0.01402  0.007346   0.03269        33       640    0.6818    0.8617    0.8417    0.7278   0.02565   0.05301   0.04021
   199/299      3.8G   0.01138   0.01417  0.007055    0.0326         6       640    0.7324     0.821    0.8485    0.7346   0.02562   0.05283    0.0403
   200/299      3.8G   0.01106   0.01404  0.007312   0.03241        24       640    0.6695    0.8836    0.8451    0.7311   0.02562   0.05343   0.03999
   201/299      3.8G    0.0114    0.0141  0.007249   0.03275        55       640    0.7148    0.8543    0.8434    0.7295   0.02558   0.05325   0.03991
   202/299      3.8G   0.01153   0.01446  0.007306    0.0333        25       640    0.7563    0.8117    0.8483    0.7349   0.02559   0.05319      0.04
   203/299      3.8G   0.01116   0.01384  0.007122   0.03212        17       640    0.7406     0.845    0.8592    0.7453    0.0256   0.05394   0.03978
   204/299      3.8G   0.01118   0.01404  0.006983    0.0322        26       640    0.6937    0.8571    0.8457    0.7351    0.0256   0.05332   0.04042
   205/299      3.8G   0.01109   0.01415  0.006842   0.03208        50       640    0.7397    0.8139    0.8476    0.7356   0.02559   0.05393   0.04013
   206/299      3.8G   0.01121   0.01405  0.007156   0.03241        16       640    0.6912    0.8689    0.8458    0.7338   0.02558   0.05276   0.04009
   207/299      3.8G   0.01115   0.01469  0.006841   0.03268        29       640    0.6992    0.8694    0.8512    0.7394   0.02555   0.05264   0.04004
   208/299      3.8G   0.01117   0.01388  0.007222   0.03227        24       640    0.7433     0.812    0.8547    0.7423   0.02556   0.05367   0.04012
   209/299      3.8G   0.01093   0.01361  0.006929   0.03148        24       640    0.7161     0.839    0.8475     0.735   0.02557    0.0535   0.04014
   210/299      3.8G   0.01094   0.01415  0.006614   0.03171        35       640    0.7018    0.8507    0.8519    0.7399   0.02553   0.05393   0.03984
   211/299      3.8G   0.01097   0.01399  0.006966   0.03193        10       640    0.7771    0.8004     0.853    0.7405   0.02554   0.05378   0.03988
   212/299      3.8G   0.01098   0.01406  0.006845   0.03189        37       640    0.7173    0.8327    0.8533    0.7412   0.02552   0.05335   0.03968
   213/299      3.8G   0.01107   0.01454  0.006746   0.03235        23       640    0.7224    0.8655    0.8624    0.7476   0.02557   0.05316   0.03964
   214/299      3.8G   0.01112   0.01348  0.006535   0.03114        10       640    0.7625    0.8164    0.8546    0.7405   0.02556   0.05376   0.03952
   215/299      3.8G   0.01096   0.01372  0.006722    0.0314        23       640    0.7478    0.8322    0.8546    0.7414   0.02554   0.05271   0.03961
   216/299      3.8G   0.01086   0.01396  0.006446   0.03127        26       640    0.7118    0.8473     0.854    0.7434   0.02552   0.05433   0.03942
   217/299      3.8G   0.01093   0.01309  0.006546   0.03056        10       640    0.7385    0.8348    0.8601    0.7494   0.02553   0.05452   0.03926
   218/299      3.8G   0.01111   0.01365  0.006657   0.03142        38       640    0.7411    0.8317    0.8591    0.7458   0.02554   0.05385   0.03913
   219/299      3.8G   0.01088   0.01394  0.006545   0.03136        10       640    0.7363    0.8444    0.8671     0.754   0.02554    0.0537    0.0393
   220/299      3.8G   0.01082   0.01415  0.006377   0.03134        10       640    0.7365    0.8518    0.8614    0.7489   0.02552   0.05404   0.03942
   221/299      3.8G   0.01083   0.01362   0.00637   0.03083        38       640    0.7564    0.8303    0.8606    0.7493   0.02547   0.05329   0.03943
   222/299      3.8G   0.01076   0.01375  0.006287    0.0308        44       640    0.7356     0.853    0.8635    0.7497   0.02547   0.05276   0.03937
   223/299      3.8G   0.01092   0.01386  0.006392   0.03117        21       640    0.7448    0.8417    0.8551    0.7449    0.0255   0.05396   0.03918
   224/299      3.8G    0.0108   0.01324  0.006376   0.03041        22       640     0.756    0.8197    0.8578    0.7473   0.02551   0.05403   0.03914
   225/299      3.8G   0.01082   0.01364  0.006134   0.03059        12       640    0.7062    0.8714    0.8618    0.7506   0.02549   0.05398   0.03914
   226/299      3.8G   0.01082   0.01377  0.006425   0.03102        21       640      0.74    0.8504    0.8607     0.746   0.02549   0.05499   0.03904
   227/299      3.8G    0.0108   0.01412  0.006006   0.03092        44       640    0.7322    0.8575    0.8697    0.7572   0.02547   0.05403    0.0391
   228/299      3.8G   0.01084   0.01383  0.006374   0.03105        20       640    0.7359    0.8499    0.8654    0.7525   0.02547   0.05474   0.03893
   229/299      3.8G   0.01078   0.01339   0.00605   0.03022        22       640    0.7249    0.8492    0.8561    0.7424   0.02553   0.05515   0.03906
   230/299      3.8G   0.01073   0.01303  0.006281   0.03004        30       640     0.743    0.8549    0.8689    0.7552    0.0255   0.05482   0.03895
   231/299      3.8G   0.01078   0.01389  0.006072   0.03073        39       640    0.7691    0.8232     0.864    0.7508   0.02546   0.05366   0.03923
   232/299      3.8G   0.01076   0.01361  0.005895   0.03026        17       640    0.7149    0.8728    0.8609    0.7492   0.02547   0.05477   0.03903
   233/299      3.8G   0.01082   0.01352  0.006124   0.03046        18       640    0.7332     0.861    0.8661    0.7537   0.02548   0.05454   0.03888
   234/299      3.8G   0.01069    0.0134  0.005992   0.03009        11       640    0.7596    0.8456    0.8609    0.7498   0.02546   0.05429   0.03918
   235/299      3.8G   0.01071   0.01373  0.006053   0.03048        18       640    0.7448    0.8461    0.8641    0.7489   0.02547   0.05448   0.03899
   236/299      3.8G   0.01059   0.01331  0.005775   0.02967         9       640    0.7421    0.8531    0.8671    0.7535   0.02549   0.05526   0.03906
   237/299      3.8G    0.0106   0.01307   0.00598   0.02965        12       640    0.7557    0.8526    0.8726    0.7575   0.02551   0.05515   0.03876
   238/299      3.8G   0.01059   0.01289  0.005657   0.02914        24       640    0.7494    0.8583    0.8767    0.7614    0.0255   0.05533   0.03889
   239/299      3.8G   0.01058   0.01303  0.005791    0.0294        25       640    0.7556    0.8469    0.8675    0.7541   0.02545   0.05483   0.03887
   240/299      3.8G    0.0106   0.01348  0.005653   0.02973        39       640    0.7467    0.8563    0.8697    0.7555   0.02544   0.05498   0.03889
   241/299      3.8G   0.01077   0.01333  0.005732   0.02983        19       640    0.7422    0.8428    0.8711    0.7574   0.02544   0.05523   0.03881
   242/299      3.8G   0.01061   0.01294   0.00567   0.02922        18       640    0.7495    0.8498    0.8696    0.7581   0.02545   0.05473   0.03885
   243/299      3.8G   0.01068   0.01345  0.005881   0.03001        15       640    0.7394    0.8658    0.8711    0.7567   0.02544   0.05474   0.03866
   244/299      3.8G   0.01054   0.01308  0.005622   0.02924        34       640     0.734    0.8526    0.8695    0.7587   0.02546   0.05601   0.03868
   245/299      3.8G   0.01052   0.01267  0.005764   0.02896        36       640    0.7565    0.8414    0.8682    0.7556   0.02543   0.05466   0.03879
   246/299      3.8G   0.01055     0.013  0.005572   0.02913        64       640      0.78    0.8398    0.8714    0.7602   0.02543   0.05516   0.03874
   247/299      3.8G   0.01048    0.0129  0.005594   0.02898        15       640     0.756    0.8385    0.8661    0.7548   0.02546   0.05557    0.0387
   248/299      3.8G   0.01049   0.01312  0.005644   0.02926        42       640     0.762    0.8453    0.8709    0.7584   0.02544   0.05527   0.03861
   249/299      3.8G   0.01053   0.01294   0.00547   0.02893        12       640    0.7566    0.8469    0.8719    0.7588   0.02544   0.05484   0.03875
   250/299      3.8G   0.01049   0.01323  0.005779   0.02949        30       640    0.7663    0.8517    0.8711    0.7588   0.02541   0.05476   0.03887
   251/299      3.8G   0.01059   0.01309  0.005568   0.02925        35       640     0.768    0.8507    0.8698    0.7555   0.02546   0.05569   0.03878
   252/299      3.8G   0.01046    0.0128  0.005655   0.02891        16       640    0.7754    0.8446    0.8755    0.7647   0.02539   0.05585   0.03866
   253/299      3.8G   0.01056   0.01271  0.005576   0.02884        21       640    0.7997    0.8305    0.8787    0.7678   0.02542   0.05602   0.03874
   254/299      3.8G    0.0105   0.01332    0.0053   0.02912        61       640    0.7909    0.8399    0.8812    0.7697   0.02543    0.0562    0.0385
   255/299      3.8G   0.01049   0.01243  0.005587   0.02852        12       640    0.7644    0.8574    0.8767    0.7651   0.02544   0.05693   0.03848
   256/299      3.8G   0.01045   0.01314   0.00541   0.02899        35       640    0.7447    0.8531    0.8731    0.7586   0.02542   0.05578   0.03867
   257/299      3.8G   0.01045   0.01272  0.005515   0.02868        32       640    0.7777    0.8374    0.8718    0.7594   0.02543   0.05576   0.03856
   258/299      3.8G   0.01049   0.01266  0.005663   0.02882        28       640    0.7655    0.8414    0.8676    0.7546   0.02542   0.05563   0.03871
   259/299      3.8G   0.01044   0.01287  0.005307   0.02861        31       640    0.7453    0.8626    0.8701    0.7588   0.02544   0.05574   0.03868
   260/299      3.8G   0.01041   0.01265  0.005136    0.0282        21       640    0.7568    0.8529    0.8682    0.7567   0.02545   0.05741   0.03861
   261/299      3.8G   0.01039   0.01255  0.005214   0.02816        24       640    0.7695    0.8491     0.872    0.7588   0.02546   0.05679   0.03867
   262/299      3.8G   0.01037   0.01253  0.005091   0.02799        12       640    0.7505    0.8605    0.8758    0.7621   0.02543   0.05643   0.03863
   263/299      3.8G   0.01041   0.01296  0.005218   0.02858        28       640    0.7893    0.8401    0.8797    0.7656   0.02542    0.0564   0.03882
   264/299      3.8G   0.01039   0.01278  0.005022   0.02819        20       640    0.7637    0.8482    0.8724    0.7584   0.02541   0.05663   0.03879
   265/299      3.8G   0.01038   0.01283  0.005299    0.0285        17       640    0.7696     0.849    0.8694     0.758   0.02543   0.05652   0.03874
   266/299      3.8G   0.01047    0.0129  0.005198   0.02857        26       640    0.7705    0.8617     0.868    0.7573   0.02542   0.05613   0.03865
   267/299      3.8G   0.01032   0.01229  0.005308   0.02793        17       640     0.766    0.8642    0.8741    0.7628   0.02543   0.05656   0.03843
   268/299      3.8G   0.01043   0.01268  0.005207   0.02832        24       640    0.7704    0.8445    0.8762    0.7649   0.02542   0.05695   0.03855
   269/299      3.8G    0.0103   0.01254  0.005074   0.02792        27       640    0.7947    0.8287    0.8724     0.761   0.02544   0.05782   0.03849
   270/299      3.8G   0.01051   0.01297  0.005219    0.0287        26       640    0.7887    0.8504    0.8766    0.7641   0.02544    0.0575   0.03862
   271/299      3.8G   0.01036   0.01267   0.00521   0.02824        23       640    0.7849    0.8317    0.8711    0.7607   0.02541   0.05637   0.03867
   272/299      3.8G   0.01025   0.01268  0.005083   0.02801        20       640    0.7777    0.8429    0.8701    0.7582   0.02541     0.056   0.03857
   273/299      3.8G   0.01033   0.01276  0.005154   0.02824        13       640    0.8014    0.8162     0.864     0.753   0.02539   0.05671   0.03886
   274/299      3.8G   0.01029   0.01234  0.005142   0.02777        23       640    0.7866    0.8234    0.8715    0.7594   0.02543   0.05691   0.03875
   275/299      3.8G   0.01038   0.01259  0.005178   0.02814        23       640     0.776    0.8445    0.8773    0.7629   0.02547   0.05733   0.03865
   276/299      3.8G   0.01017    0.0122  0.004902   0.02727        15       640    0.7935    0.8363    0.8759    0.7646   0.02543   0.05692   0.03861
   277/299      3.8G   0.01032   0.01262  0.004975   0.02792        37       640    0.7874    0.8367    0.8706    0.7592   0.02543   0.05681   0.03865
   278/299      3.8G   0.01024   0.01227  0.004985   0.02749        32       640    0.7768    0.8493    0.8743    0.7603   0.02543   0.05742   0.03875
   279/299      3.8G   0.01022   0.01256  0.004761   0.02754        38       640    0.7553    0.8557    0.8734    0.7594   0.02543   0.05764   0.03875
   280/299      3.8G   0.01019   0.01261  0.004711    0.0275        32       640     0.809    0.8269    0.8777    0.7659   0.02543   0.05813   0.03878
   281/299      3.8G   0.01026   0.01222  0.004862   0.02735        15       640    0.7708    0.8578    0.8787    0.7675   0.02541   0.05739   0.03858
   282/299      3.8G   0.01025   0.01234  0.004862   0.02746        27       640    0.8014    0.8232    0.8782    0.7673   0.02539   0.05747   0.03856
   283/299      3.8G   0.01031   0.01219  0.005098   0.02761        10       640    0.7918    0.8403    0.8829    0.7688   0.02538   0.05743   0.03843
   284/299      3.8G   0.01026   0.01209  0.004742    0.0271        30       640    0.7823    0.8485    0.8795    0.7673   0.02539   0.05693   0.03846
   285/299      3.8G   0.01034   0.01198   0.00479   0.02711         8       640    0.7704    0.8459    0.8763    0.7654    0.0254   0.05728   0.03852
   286/299      3.8G   0.01031   0.01223  0.004871    0.0274        14       640    0.7719    0.8646    0.8786     0.767   0.02544   0.05787   0.03846
   287/299      3.8G   0.01024   0.01251  0.004748    0.0275        46       640    0.7857    0.8289    0.8754    0.7633   0.02542   0.05719   0.03863
   288/299      3.8G   0.01015   0.01228  0.004671    0.0271        29       640    0.7703    0.8592    0.8813    0.7672   0.02541   0.05747   0.03847
   289/299      3.8G   0.01025   0.01254  0.004839   0.02763        14       640    0.8051    0.8267    0.8811    0.7675    0.0254   0.05751   0.03855
   290/299      3.8G    0.0103   0.01206  0.004817   0.02717        15       640    0.7894    0.8375    0.8813    0.7684    0.0254   0.05725   0.03851
   291/299      3.8G   0.01021   0.01183  0.004923   0.02696        13       640    0.7952    0.8439     0.882    0.7678   0.02541   0.05753   0.03827
   292/299      3.8G   0.01017   0.01202  0.004874   0.02707        23       640     0.803    0.8295    0.8828    0.7692    0.0254   0.05769   0.03831
   293/299      3.8G   0.01022   0.01208  0.004872   0.02718        44       640    0.7995    0.8414    0.8853    0.7716    0.0254   0.05848   0.03849
   294/299      3.8G    0.0103   0.01299  0.004792   0.02808        29       640    0.7843    0.8512    0.8861    0.7738   0.02541   0.05788   0.03841
   295/299      3.8G   0.01028   0.01201  0.004702   0.02699        15       640    0.7905    0.8529    0.8827    0.7695   0.02541   0.05788   0.03836
   296/299      3.8G   0.01015   0.01172   0.00452   0.02639        18       640    0.7925    0.8507    0.8864    0.7724   0.02541   0.05813   0.03837
   297/299      3.8G   0.01019   0.01243  0.004647   0.02727        30       640    0.7913    0.8547     0.882    0.7702    0.0254   0.05824   0.03849
   298/299      3.8G   0.01026   0.01215  0.004889    0.0273        18       640    0.8051    0.8266    0.8745    0.7643    0.0254   0.05809   0.03861
   299/299      3.8G   0.01024   0.01267   0.00484   0.02775        20       640    0.7783     0.846    0.8763     0.767   0.02539   0.05764   0.03832
