     0/299     3.07G   0.05232    0.5158   0.08735    0.6554        24       640  0.004509   0.03686  0.001015 0.0001929    0.1015    0.1371    0.1167
     1/299      3.9G   0.06533   0.03486    0.1053    0.2055        29       640   0.03548    0.3373   0.03019  0.007432   0.08468   0.04663   0.09565
     2/299      3.9G     0.058    0.0333   0.07158    0.1629        35       640   0.06226    0.2797   0.06697   0.03123   0.06544   0.06154    0.0627
     3/299     3.91G   0.05284   0.03173   0.03984    0.1244        52       640    0.3901    0.4812    0.0648   0.01969   0.08396    0.1407   0.04906
     4/299     3.91G   0.04123   0.02362   0.02543   0.09028        13       640    0.2256    0.2325   0.02459  0.004596   0.08585    0.1575   0.04873
     5/299     3.91G   0.04204   0.02254   0.02414   0.08872         8       640    0.3191    0.3589   0.08146   0.03817   0.08391    0.1602   0.04755
     6/299     3.91G   0.04398   0.01977   0.02523   0.08898        28       640    0.5289    0.4139   0.09649   0.05449   0.08289    0.1188   0.04753
     7/299     3.91G   0.03612   0.01968   0.02524   0.08104        15       640    0.5334    0.3561    0.1063   0.05918   0.08157     0.112   0.04621
     8/299     3.91G   0.03183   0.01972   0.02387   0.07542        25       640    0.5253    0.4324   0.08826   0.04118   0.08731    0.1215   0.04544
     9/299     3.91G   0.03282   0.01859   0.02453   0.07594        14       640    0.4587    0.4554    0.0848   0.04959   0.08592    0.1276   0.04562
    10/299     3.91G   0.02892   0.01918   0.02386   0.07195        24       640    0.5319    0.4123    0.1275   0.06048   0.08427   0.09061   0.04523
    11/299     3.91G   0.02682   0.01886   0.02382   0.06949        26       640   0.07464    0.6649    0.1195   0.04352   0.08673      0.07   0.04511
    12/299     3.91G   0.02751   0.01846   0.02409   0.07006        22       640     0.549    0.4418    0.1218   0.07797   0.08077   0.05004    0.0447
    13/299     3.91G   0.02913    0.0183   0.02467   0.07211        31       640    0.5376    0.4869    0.1264    0.0822   0.08425    0.0502   0.04482
    14/299     3.91G   0.02551   0.01819     0.024    0.0677         7       640    0.5238    0.4922    0.1372    0.0841    0.0815   0.04673   0.04461
    15/299     3.91G   0.02562   0.01857   0.02454   0.06874        27       640   0.05866    0.8343    0.1436   0.08477   0.08188   0.04769   0.04448
    16/299     3.91G   0.02486   0.01843   0.02378   0.06707        18       640   0.05312    0.7937    0.1277   0.08684   0.08457   0.04996   0.04434
    17/299     3.91G    0.0282    0.0177   0.02405   0.06995        19       640    0.4787    0.4896    0.1371   0.09023    0.0788   0.05629   0.04446
    18/299     3.91G   0.02363    0.0181   0.02378   0.06551        28       640    0.4765    0.5014    0.1415    0.1015   0.07904   0.05952   0.04415
    19/299     3.91G   0.02384   0.01831   0.02369   0.06585        13       640   0.07278    0.8315    0.1534    0.0978   0.07888   0.05021   0.04427
    20/299     3.91G   0.02176   0.01735    0.0234    0.0625        30       640    0.4828    0.4976    0.1518    0.1081   0.07973   0.04854     0.044
    21/299     3.91G   0.02358   0.01719   0.02365   0.06443        23       640    0.4956    0.4935    0.1543    0.1137   0.07836   0.04679   0.04394
    22/299     3.91G   0.02216     0.018   0.02369   0.06385        22       640    0.5525    0.4959     0.148    0.1005    0.0773   0.04827   0.04404
    23/299     3.91G   0.02264   0.01688    0.0232   0.06272        25       640    0.4936    0.4919    0.1439   0.09533   0.07795   0.04799   0.04417
    24/299     3.91G   0.02088    0.0174   0.02283   0.06111        21       640    0.4805    0.5232    0.1574    0.1117   0.07668   0.04655    0.0437
    25/299     3.91G   0.02221   0.01777   0.02306   0.06303        14       640      0.49    0.5174    0.1805     0.135   0.07696   0.04631     0.044
    26/299     3.91G   0.02266   0.01749   0.02269   0.06284        32       640    0.4877    0.5214    0.1893    0.1318   0.07554   0.04559   0.04327
    27/299     3.91G   0.02347   0.01773   0.02272   0.06392        30       640    0.4864    0.5239    0.1854    0.1004   0.08086   0.04503   0.04296
    28/299     3.91G   0.02289    0.0166   0.02248   0.06198        38       640    0.4874     0.529    0.1926    0.1343   0.07587   0.04303   0.04257
    29/299     3.91G   0.02078   0.01769    0.0217   0.06017        14       640    0.5687    0.4581    0.1922    0.1272   0.07698   0.04233   0.04257
    30/299     3.91G   0.02374   0.01727   0.02194   0.06295        27       640    0.4982    0.5057    0.1935    0.1321   0.07713   0.04394   0.04217
    31/299     3.91G    0.0212   0.01761   0.02113   0.05993        17       640    0.5228    0.4471    0.1983    0.1433   0.07516   0.04459   0.04215
    32/299     3.91G   0.02085   0.01741   0.02091   0.05917         7       640    0.5731    0.4388    0.2063    0.1526    0.0752   0.04348   0.04141
    33/299     3.91G   0.02173   0.01672   0.02065    0.0591        22       640    0.5791    0.3979    0.2116    0.1599   0.07541    0.0434   0.04134
    34/299     3.91G    0.0209    0.0168   0.02016   0.05786        49       640    0.5809     0.365    0.2142    0.1662   0.07576   0.04309   0.04056
    35/299     3.91G   0.02161   0.01629   0.02062   0.05853        18       640    0.5751    0.3879    0.2064    0.1516   0.07754   0.04393   0.04067
    36/299     3.91G   0.02052   0.01674   0.01996   0.05722        17       640    0.5904    0.3651    0.2079    0.1631   0.07494   0.04071   0.04027
    37/299     3.91G   0.02298   0.01628   0.02005   0.05931        24       640    0.1053    0.6691    0.2028    0.1572   0.07483   0.04417   0.04088
    38/299     3.91G   0.02141   0.01642   0.02004   0.05788        15       640    0.5933    0.3627    0.2166    0.1713   0.07598   0.04143   0.03966
    39/299     3.91G   0.01956    0.0166   0.01927   0.05543        23       640    0.1793    0.6907    0.2166    0.1631   0.07525   0.04255   0.04001
    40/299     3.91G    0.0187   0.01632   0.01907   0.05408        37       640    0.1753    0.6655     0.213    0.1646   0.07591   0.04246   0.03981
    41/299     3.91G   0.01943   0.01579   0.01943   0.05465        22       640    0.1082    0.7478    0.2281    0.1832   0.07407    0.0407   0.04022
    42/299     3.91G   0.02207   0.01566    0.0192   0.05693        39       640    0.3112    0.6548    0.2296    0.1639   0.07601   0.04123   0.03985
    43/299     3.91G    0.0191   0.01636    0.0187   0.05416        30       640    0.1224    0.6572     0.213    0.1689    0.0739   0.04197   0.04027
    44/299     3.91G   0.01965    0.0157   0.01847   0.05382        18       640    0.1181    0.7531    0.2368    0.1899   0.07432   0.04071   0.03991
    45/299     3.91G   0.02109   0.01619   0.01877   0.05605         9       640    0.1829    0.6664    0.2072    0.1625   0.07544   0.04089   0.04087
    46/299     3.91G   0.01972   0.01608    0.0185    0.0543        15       640    0.3889    0.6319    0.2377     0.184   0.07475   0.03892   0.04024
    47/299     3.91G   0.02006   0.01566   0.01846   0.05418         7       640    0.3245     0.681    0.2401    0.1847   0.07517   0.03941   0.04006
    48/299     3.91G   0.01928   0.01612   0.01782   0.05322         7       640     0.397    0.6176    0.2581    0.2071   0.07399   0.04083   0.03993
    49/299     3.91G    0.0196   0.01549   0.01781    0.0529        10       640    0.1988    0.7097    0.2428    0.1833   0.07496   0.04268   0.04023
    50/299     3.91G   0.01952   0.01577   0.01755   0.05283        29       640    0.4006    0.6275    0.2648    0.2127   0.07377   0.04109   0.03998
    51/299     3.91G   0.01788   0.01484   0.01779   0.05052        19       640    0.4025    0.6333    0.2638    0.2107    0.0737   0.04037   0.03969
    52/299     3.91G   0.01969   0.01578   0.01792   0.05338        17       640    0.1219    0.7661    0.2467    0.1985   0.07353   0.04188   0.04038
    53/299     3.91G   0.01929   0.01519   0.01779   0.05226        26       640    0.4014    0.6424    0.2725    0.2173   0.07343   0.04067    0.0398
    54/299     3.91G   0.01667   0.01565   0.01689   0.04922        41       640    0.4046    0.6222    0.2745    0.2229   0.07283   0.03935   0.03944
    55/299     3.91G   0.01836   0.01587   0.01713   0.05136         9       640    0.4061    0.6399     0.287    0.2222   0.07395   0.03948   0.03939
    56/299     3.91G   0.01749   0.01513   0.01676   0.04938        36       640    0.4075    0.5884    0.2835    0.2151   0.07454   0.03958   0.03953
    57/299     3.91G   0.01936   0.01491   0.01719   0.05146        31       640    0.4072    0.5896    0.2638    0.2129   0.07293   0.03933   0.03991
    58/299     3.91G   0.01696   0.01559   0.01704   0.04959        46       640    0.4106    0.5923    0.2914    0.2244   0.07403   0.03905   0.03907
    59/299     3.91G    0.0187    0.0158   0.01703   0.05152        42       640    0.4031    0.6469    0.2813    0.2161   0.07347   0.03921   0.03922
    60/299     3.91G   0.01955   0.01559   0.01668   0.05183        16       640    0.4305    0.5435    0.2915    0.2304   0.07342   0.04009   0.03901
    61/299     3.91G   0.01898   0.01461   0.01729   0.05088        14       640    0.4429    0.5498    0.2918    0.2297   0.07325   0.03652   0.03854
    62/299     3.91G    0.0187   0.01584   0.01662   0.05116        16       640    0.4173    0.6309     0.308    0.2381   0.07419   0.03726    0.0387
    63/299     3.91G   0.01675   0.01482   0.01627   0.04785        29       640    0.4283     0.566    0.2727    0.2203   0.07405   0.03816   0.03975
    64/299     3.91G    0.0185    0.0154    0.0166   0.05051        27       640    0.4957    0.5142    0.3144    0.2461   0.07322   0.03766   0.03845
    65/299     3.91G   0.01956   0.01484   0.01654   0.05094        12       640     0.661     0.387     0.325    0.2444   0.07332   0.03805   0.03836
    66/299     3.91G   0.01662   0.01501   0.01606   0.04769        31       640    0.5115    0.4617    0.3188    0.2549   0.07306    0.0372    0.0383
    67/299     3.91G    0.0168   0.01523    0.0159   0.04794         8       640    0.5899    0.4311    0.3256    0.2592   0.07253   0.03775    0.0383
    68/299     3.91G   0.01716   0.01457   0.01591   0.04764        35       640    0.6055    0.4196    0.3229    0.2569   0.07252    0.0379   0.03842
    69/299     3.91G   0.01796   0.01534   0.01618   0.04948        28       640    0.5039    0.5486    0.2881    0.2218   0.07409   0.03688   0.04022
    70/299     3.91G   0.01931   0.01479   0.01629    0.0504        18       640    0.6016    0.4005     0.323    0.2612   0.07286   0.03541   0.03825
    71/299     3.91G   0.01823   0.01499   0.01635   0.04957        15       640    0.5928    0.4354    0.3216     0.254   0.07432   0.03508   0.03865
    72/299     3.91G   0.01805   0.01475   0.01616   0.04896        17       640    0.5922    0.4522    0.3323    0.2653   0.07312   0.03571   0.03828
    73/299     3.91G   0.01943   0.01494    0.0158   0.05017        27       640    0.5365    0.5014    0.3239    0.2578   0.07273   0.03445   0.03843
    74/299     3.91G   0.01782   0.01487    0.0155    0.0482        63       640    0.5346    0.5386    0.3099    0.2559   0.07229   0.03502   0.03857
    75/299     3.91G   0.01773   0.01443   0.01563   0.04779        27       640    0.5487    0.4972    0.3367    0.2738   0.07274   0.03594   0.03761
    76/299     3.91G   0.01817   0.01454   0.01588   0.04859        12       640    0.5447    0.4735    0.3272    0.2572   0.07364   0.03564   0.03801
    77/299     3.91G   0.01803   0.01509   0.01554   0.04866        11       640    0.4698     0.554    0.3314    0.2662   0.07274   0.03664   0.03788
    78/299     3.91G   0.01962   0.01457   0.01579   0.04999        13       640    0.6165    0.4439     0.347    0.2788   0.07255   0.03573   0.03728
    79/299     3.91G   0.01746   0.01455   0.01545   0.04746         8       640    0.5587    0.4929    0.3438    0.2831   0.07214   0.03529   0.03715
    80/299     3.91G   0.01663   0.01421   0.01513   0.04597        25       640     0.484    0.5855    0.3566    0.2929   0.07239   0.03588   0.03696
    81/299     3.91G   0.01802   0.01496   0.01529   0.04827        19       640    0.5503    0.5267    0.3448    0.2835   0.07275   0.03592   0.03735
    82/299     3.91G   0.01653    0.0143   0.01511   0.04593        36       640    0.4862     0.553    0.3521    0.2887   0.07205   0.03492   0.03713
    83/299     3.91G   0.01787    0.0144   0.01494   0.04722        19       640    0.5842     0.497    0.3456    0.2831   0.07227   0.03609   0.03755
    84/299     3.91G   0.01663   0.01449   0.01498    0.0461        13       640    0.4843    0.6077    0.3621    0.2974   0.07222   0.03512   0.03694
    85/299     3.91G   0.01958    0.0146   0.01517   0.04935        45       640    0.5643    0.5023    0.3647    0.2962   0.07264   0.03654   0.03693
    86/299     3.91G   0.01705   0.01482   0.01508   0.04696        27       640    0.5501    0.5156     0.362    0.2913   0.07241   0.03606   0.03692
    87/299     3.91G   0.01874   0.01504   0.01519   0.04897        36       640    0.5727    0.5057    0.3645    0.2973   0.07235   0.03461   0.03644
    88/299     3.91G   0.01733   0.01476     0.015    0.0471        26       640    0.5557    0.5302    0.3735    0.3073   0.07215   0.03439   0.03696
    89/299     3.91G   0.01826   0.01398    0.0152   0.04744        15       640    0.4979    0.5846    0.3672    0.3044   0.07174   0.03502   0.03671
    90/299     3.91G   0.01787   0.01423   0.01514   0.04724        37       640    0.5101    0.5464    0.3629    0.2978   0.07216   0.03576   0.03644
    91/299     3.91G   0.01708   0.01433   0.01457   0.04598        22       640    0.5058    0.5306    0.3706    0.3061   0.07196   0.03524   0.03631
    92/299     3.91G   0.01885   0.01447    0.0149   0.04821        18       640    0.5826    0.4961    0.3811    0.3089   0.07234   0.03558   0.03639
    93/299     3.91G    0.0165   0.01454   0.01451   0.04555         8       640    0.5956    0.5062    0.3835    0.3178    0.0718   0.03618    0.0363
    94/299     3.91G   0.01759   0.01391   0.01474   0.04625        25       640    0.6283    0.4586    0.4038    0.3385   0.07138   0.03524   0.03586
    95/299     3.91G   0.01581   0.01373   0.01426    0.0438        14       640    0.6074    0.4605    0.3934    0.3203   0.07186   0.03585   0.03595
    96/299     3.91G   0.01628   0.01442   0.01432   0.04502        23       640    0.5016    0.5885    0.3941    0.3264   0.07147   0.03653   0.03577
    97/299     3.91G   0.01473   0.01374   0.01392   0.04239        14       640    0.5402    0.5455    0.4052    0.3371    0.0716   0.03547   0.03553
    98/299     3.91G   0.01751   0.01403   0.01489   0.04643        20       640    0.5393    0.5182    0.4031    0.3304    0.0717   0.03631   0.03588
    99/299     3.91G   0.01633   0.01416   0.01405   0.04454        27       640    0.5455    0.5759    0.4023    0.3342   0.07092   0.03633   0.03565
   100/299     3.91G    0.0165   0.01411   0.01405   0.04467        12       640    0.6051    0.5165    0.4175    0.3483   0.07101   0.03722   0.03539
   101/299     3.91G   0.01536   0.01437   0.01389   0.04361        36       640    0.5852    0.5257    0.4221    0.3501   0.07047   0.03683   0.03525
   102/299     3.91G   0.01698   0.01419   0.01428   0.04545        16       640    0.5767    0.5118    0.4225    0.3526   0.07093   0.03835   0.03545
   103/299     3.91G    0.0136   0.01334   0.01362   0.04056        15       640    0.5619    0.5343    0.4259    0.3555   0.07051   0.03713   0.03511
   104/299     3.91G   0.01945   0.01416    0.0141   0.04772        19       640    0.3105    0.7612    0.4364    0.3541   0.07073   0.03874    0.0352
   105/299     3.91G   0.01609   0.01402   0.01345   0.04356        18       640    0.5578    0.5532    0.4318    0.3555   0.07085   0.03887   0.03539
   106/299     3.91G   0.01586    0.0139   0.01376   0.04351        45       640    0.3276    0.7097     0.431    0.3569    0.0704   0.03921   0.03523
   107/299     3.91G   0.01837     0.014   0.01466   0.04703        24       640    0.3469    0.7047    0.4434    0.3678   0.06988   0.04081   0.03474
   108/299     3.91G   0.01629     0.014   0.01355   0.04384        39       640    0.3323    0.7451     0.463    0.3811   0.06978   0.04117   0.03448
   109/299     3.91G   0.01434   0.01359   0.01342   0.04135        12       640    0.4065    0.6345    0.4596     0.383   0.06939   0.04113   0.03454
   110/299     3.91G   0.01399   0.01347   0.01313   0.04059         8       640    0.3376    0.6822    0.4555    0.3742   0.06985   0.04172   0.03479
   111/299     3.91G   0.01571   0.01361   0.01349   0.04281        11       640    0.4497    0.6114    0.4723    0.3928   0.06955   0.04221   0.03487
   112/299     3.91G   0.01723   0.01389   0.01342   0.04453        36       640    0.3851    0.6814    0.4705    0.3945   0.06904   0.04241   0.03418
   113/299     3.91G   0.01747   0.01386   0.01338   0.04471        40       640     0.416    0.6331    0.4796    0.3953   0.06938   0.04299   0.03402
   114/299     3.91G   0.01506   0.01337   0.01305   0.04149        17       640    0.4361    0.6191    0.4954    0.4117   0.06933   0.04382   0.03397
   115/299     3.91G   0.01524   0.01379   0.01304   0.04206        32       640    0.4211    0.6562     0.484    0.4041   0.06899   0.04391   0.03455
   116/299     3.91G    0.0159   0.01373   0.01319   0.04282        41       640    0.4707    0.6075    0.4946    0.4148   0.06911   0.04208   0.03391
   117/299     3.91G   0.01592   0.01376   0.01269   0.04237        32       640    0.4957    0.5248    0.4904    0.4075   0.07002      0.04   0.03414
   118/299     3.91G   0.01509   0.01344   0.01284   0.04137        24       640    0.4352    0.6098    0.5047    0.4226   0.06897   0.04147   0.03372
   119/299     3.91G   0.01658   0.01308   0.01339   0.04305        26       640    0.5135    0.5699    0.5173    0.4335   0.06835   0.04562   0.03354
   120/299     3.91G   0.01432   0.01313   0.01258   0.04004        28       640    0.4417    0.5714    0.5057    0.4183   0.06797   0.04826    0.0333
   121/299     3.91G   0.01648   0.01388    0.0131   0.04346        20       640    0.4431    0.6643    0.5236    0.4379   0.06789   0.04817   0.03302
   122/299     3.91G   0.01473   0.01329   0.01296   0.04098        16       640    0.3603    0.6639    0.5062    0.4246   0.06881   0.04053    0.0333
   123/299     3.91G   0.01611   0.01415   0.01277   0.04303        37       640    0.4268    0.6593    0.5269    0.4421   0.06968   0.03776   0.03296
   124/299     3.91G   0.01467   0.01336    0.0125   0.04053        29       640    0.4719    0.6211    0.5312    0.4472   0.06964   0.03663   0.03304
   125/299     3.91G   0.01616   0.01348   0.01292   0.04256        27       640    0.4541    0.6597    0.5338    0.4461   0.06997   0.03545   0.03312
   126/299     3.91G   0.01536   0.01372    0.0129   0.04197        21       640     0.498    0.6066    0.5579    0.4633   0.07003    0.0349   0.03267
   127/299     3.91G   0.01591   0.01337   0.01265   0.04193        64       640    0.4817    0.6171    0.5517    0.4603   0.06984   0.03518   0.03271
   128/299     3.91G   0.01719   0.01321    0.0129    0.0433        21       640    0.4243     0.657    0.5596    0.4674   0.06978   0.03478   0.03247
   129/299     3.91G    0.0153   0.01372   0.01249   0.04151        28       640    0.5003    0.6465    0.5741    0.4815   0.06967   0.03514   0.03226
   130/299     3.91G   0.01364   0.01373   0.01215   0.03951        48       640     0.378    0.7617    0.5733    0.4801   0.06986   0.03504   0.03196
   131/299     3.91G   0.01573    0.0133   0.01232   0.04134        13       640    0.3967      0.75    0.5776    0.4849   0.06966   0.03572   0.03173
   132/299     3.91G   0.01442   0.01351   0.01204   0.03997        24       640    0.4679    0.6539    0.5933    0.4909   0.06982   0.03623   0.03155
   133/299     3.91G    0.0163   0.01379   0.01249   0.04257        47       640    0.3957    0.7622    0.5829    0.4914   0.06894   0.03725    0.0314
   134/299     3.91G   0.01629   0.01344   0.01252   0.04225        14       640    0.6226     0.615    0.6101    0.5065   0.06866   0.03807   0.03139
   135/299     3.91G   0.01601   0.01365    0.0124   0.04205        12       640    0.4888    0.6434    0.5985    0.4994   0.06817   0.04061   0.03112
   136/299     3.91G   0.01586   0.01319   0.01228   0.04134        12       640    0.4296    0.7655    0.6125    0.5121   0.06704   0.04755   0.03087
   137/299     3.91G   0.01546    0.0139   0.01202   0.04138         8       640    0.4723    0.7038    0.6111    0.5111   0.06603   0.05402   0.03038
   138/299     3.91G   0.01364   0.01309    0.0116   0.03833        13       640     0.481    0.7095    0.6183    0.5148   0.06601   0.05516   0.03017
   139/299     3.91G   0.01482     0.013   0.01198    0.0398        29       640    0.5051    0.6947    0.6238    0.5248   0.06602   0.05305   0.02966
   140/299     3.91G   0.01467   0.01339   0.01175   0.03982        24       640    0.4464    0.7415    0.6084    0.5139   0.06606   0.05237   0.02956
   141/299     3.91G   0.01338   0.01289   0.01173   0.03799        20       640    0.5123    0.7309    0.6454    0.5421   0.06631   0.04933   0.02918
   142/299     3.91G   0.01604   0.01332   0.01194    0.0413        28       640     0.546    0.6802    0.6323    0.5322   0.06691   0.04789   0.02913
   143/299     3.91G     0.015   0.01323   0.01133   0.03956        39       640    0.5881    0.6596    0.6303    0.5273   0.06712    0.0445   0.02896
   144/299     3.91G   0.01468   0.01342   0.01176   0.03986        16       640    0.6438    0.6454    0.6372    0.5347   0.06774   0.04112   0.02881
   145/299     3.91G   0.01485   0.01334   0.01127   0.03946        35       640    0.7335    0.6016    0.6318    0.5329   0.06798    0.0405   0.02833
   146/299     3.91G   0.01432    0.0134   0.01125   0.03897        14       640    0.5671    0.6769    0.6453    0.5395   0.06785   0.04076    0.0278
   147/299     3.91G   0.01569   0.01315    0.0117   0.04054        37       640    0.5955     0.649    0.6421    0.5426   0.06792   0.04167   0.02794
   148/299     3.91G   0.01556   0.01333   0.01105   0.03993        10       640    0.5678    0.6297    0.6535    0.5518   0.06813   0.04087   0.02788
   149/299     3.91G   0.01483   0.01313   0.01114   0.03909        38       640    0.6457    0.6811    0.6617      0.56   0.06797   0.04163   0.02777
   150/299     3.91G     0.015   0.01346   0.01082   0.03929        21       640    0.6305    0.6801    0.6674    0.5609   0.06799    0.0413   0.02715
   151/299     3.91G   0.01518   0.01357   0.01105   0.03981        28       640    0.5425    0.7129    0.6524    0.5501    0.0678    0.0407   0.02712
   152/299     3.91G   0.01579   0.01259    0.0113   0.03969         9       640    0.6068    0.6596    0.6607    0.5528   0.06788   0.04203   0.02688
   153/299     3.91G   0.01566   0.01284   0.01134   0.03984        40       640     0.492    0.8002    0.6502    0.5436    0.0681   0.04162   0.02721
   154/299     3.91G   0.01318   0.01323   0.01061   0.03701        20       640    0.5699    0.6534     0.666    0.5601   0.06739   0.04219   0.02642
   155/299     3.91G   0.01448   0.01331   0.01114   0.03892        16       640     0.622    0.6813    0.6497    0.5453   0.06791   0.04324   0.02675
   156/299     3.91G   0.01403     0.013   0.01092   0.03795        21       640    0.4811    0.8012    0.6586    0.5564   0.06738   0.04063   0.02627
   157/299     3.91G   0.01449   0.01313     0.011   0.03862        10       640    0.5521     0.724    0.6632    0.5564   0.06766    0.0415   0.02617
   158/299     3.91G   0.01548   0.01354   0.01127   0.04029        24       640    0.6614    0.7002    0.6719    0.5682   0.06732   0.04225     0.026
   159/299     3.91G   0.01584    0.0136   0.01132   0.04076        22       640    0.6589     0.664     0.663    0.5587   0.06751   0.04305   0.02578
   160/299     3.91G   0.01341   0.01315   0.01068   0.03725        18       640    0.5464    0.7875    0.6825    0.5708    0.0675   0.04347   0.02596
   161/299     3.91G   0.01475   0.01292   0.01081   0.03848        37       640    0.6985      0.68    0.6824    0.5728    0.0671   0.04334   0.02554
   162/299     3.91G   0.01599   0.01319   0.01115   0.04034        23       640    0.5238    0.7393    0.6369    0.5299   0.06708    0.0437   0.02625
   163/299     3.91G   0.01463   0.01334   0.01064   0.03861        17       640    0.5481    0.7583    0.6828    0.5703   0.06708   0.04286   0.02561
   164/299     3.91G   0.01494   0.01316   0.01081   0.03891        40       640    0.5492    0.7208    0.6782    0.5718   0.06686   0.04326   0.02536
   165/299     3.91G   0.01516   0.01303   0.01065   0.03883        41       640    0.6946    0.6975    0.6879    0.5801   0.06656    0.0432   0.02494
   166/299     3.91G   0.01309   0.01275   0.01005   0.03589         9       640    0.7235    0.6995    0.7012    0.5906   0.06671   0.04338   0.02495
   167/299     3.91G   0.01546   0.01269   0.01041   0.03856        11       640    0.5437    0.7744    0.6938    0.5876   0.06668   0.04408   0.02521
   168/299     3.91G   0.01309   0.01291   0.01008   0.03608        17       640    0.5767    0.7641    0.6982    0.5871   0.06641   0.04372   0.02481
   169/299     3.91G   0.01572   0.01326   0.01051   0.03949        15       640    0.5503    0.7889     0.701    0.5978   0.06617   0.04349   0.02495
   170/299     3.91G   0.01449   0.01231   0.01027   0.03706        30       640    0.5815    0.7679    0.7065    0.6013   0.06641   0.04346   0.02491
   171/299     3.91G   0.01625   0.01278   0.01068   0.03972        49       640    0.5629    0.7975    0.7035    0.5974   0.06641   0.04316   0.02479
   172/299     3.91G   0.01644   0.01283   0.01073      0.04        55       640    0.7343     0.667    0.7093    0.5992   0.06637   0.04329   0.02484
   173/299     3.91G   0.01414   0.01296   0.01025   0.03735        18       640    0.6029    0.7611    0.7202    0.6104   0.06587   0.04287   0.02457
   174/299     3.91G   0.01552   0.01294   0.01028   0.03874        24       640    0.6908    0.7347    0.7098    0.6035   0.06579   0.04275   0.02449
   175/299     3.91G   0.01495   0.01287   0.01008    0.0379        39       640    0.7142    0.7295    0.7272    0.6192   0.06559    0.0425   0.02429
   176/299     3.91G   0.01354   0.01311   0.01005    0.0367        35       640    0.6996    0.7111    0.7141    0.6089   0.06557   0.04259   0.02453
   177/299     3.91G   0.01413   0.01275   0.01009   0.03697        24       640      0.72    0.6853     0.712    0.6062   0.06566   0.04248   0.02443
   178/299     3.91G   0.01296   0.01283   0.01001    0.0358        19       640    0.7236    0.6761    0.7108    0.6026   0.06584   0.04236   0.02446
   179/299     3.91G   0.01475   0.01259  0.009996   0.03734        52       640    0.7167    0.6974    0.7127    0.6088   0.06552   0.04178   0.02428
   180/299     3.91G   0.01418   0.01293   0.01017   0.03728        30       640     0.601    0.7592    0.7191    0.6119   0.06524   0.04142   0.02412
   181/299     3.91G   0.01285   0.01272   0.00976   0.03533         5       640    0.6036    0.7535    0.7234    0.6183   0.06528   0.04137   0.02417
   182/299     3.91G    0.0139   0.01248  0.009923   0.03631        13       640    0.6872    0.7246    0.7328    0.6254   0.06491   0.04208   0.02421
   183/299     3.91G   0.01482   0.01278  0.009993   0.03759        23       640    0.7068     0.706    0.7409    0.6317   0.06475   0.04149    0.0239
   184/299     3.91G   0.01638   0.01269   0.01038   0.03945        50       640    0.6744    0.7383     0.735    0.6294   0.06464   0.04121   0.02383
   185/299     3.91G   0.01334   0.01305  0.009414   0.03581        32       640    0.7109    0.7136     0.736    0.6304   0.06469   0.04114   0.02384
   186/299     3.91G   0.01221   0.01318  0.009025   0.03441        12       640    0.7646    0.6702    0.7449    0.6375   0.06436   0.04147   0.02354
   187/299     3.91G   0.01303    0.0125  0.009645   0.03518         8       640    0.5952    0.7919    0.7372     0.631   0.06431   0.04167   0.02356
   188/299     3.91G   0.01082   0.01248  0.009074   0.03237        22       640    0.5661    0.8503    0.7476    0.6412   0.06428   0.04179    0.0235
   189/299     3.91G   0.01376   0.01281  0.009417   0.03599        21       640    0.5863      0.84     0.754    0.6441   0.06418   0.04198   0.02332
   190/299     3.91G    0.0148   0.01285  0.009528   0.03718        36       640    0.6136    0.8123    0.7501    0.6423   0.06409   0.04204   0.02325
   191/299     3.91G   0.01575   0.01294   0.00957   0.03826        14       640    0.6133    0.8153    0.7477    0.6421   0.06396     0.042   0.02321
   192/299     3.91G   0.01343   0.01274  0.009276   0.03544        40       640    0.5652    0.8591    0.7423    0.6373   0.06398   0.04211   0.02347
   193/299     3.91G   0.01419   0.01264  0.009309   0.03613        10       640    0.6348    0.7544    0.7507    0.6436   0.06391   0.04253   0.02316
   194/299     3.91G   0.01371   0.01291   0.00932   0.03594         6       640    0.7112     0.739     0.749    0.6425   0.06371   0.04217   0.02313
   195/299     3.91G   0.01289   0.01258  0.008755   0.03423        39       640    0.6513    0.7588    0.7499     0.644   0.06368   0.04235   0.02307
   196/299     3.91G   0.01184   0.01294  0.008773   0.03355        12       640    0.5917     0.825    0.7531    0.6474    0.0638   0.04165   0.02303
   197/299     3.91G   0.01309    0.0124  0.009014    0.0345        29       640    0.6802    0.7708    0.7534    0.6469   0.06366   0.04182   0.02298
   198/299     3.91G   0.01397    0.0123   0.00922   0.03549        33       640    0.7128    0.7609    0.7642    0.6556    0.0633   0.04173   0.02258
   199/299     3.91G   0.01196    0.0125  0.008772   0.03323         6       640    0.6228    0.7941    0.7653     0.658   0.06308   0.04177   0.02254
   200/299     3.91G   0.01436   0.01239  0.009432   0.03618        24       640    0.6125     0.834    0.7652    0.6576   0.06308   0.04189   0.02275
   201/299     3.91G   0.01362   0.01233  0.008905   0.03486        55       640    0.6191    0.8304    0.7656    0.6574     0.063   0.04161    0.0227
   202/299     3.91G   0.01372   0.01248  0.008806   0.03501        25       640    0.6349    0.7609    0.7626    0.6579   0.06297   0.04154   0.02268
   203/299     3.91G   0.01317   0.01223  0.009052   0.03445        17       640    0.7477    0.7394    0.7752    0.6675   0.06302   0.04138   0.02261
   204/299     3.91G   0.01219   0.01238  0.008459   0.03303        26       640    0.6559     0.753    0.7735    0.6645   0.06267   0.04139   0.02251
   205/299     3.91G   0.01189   0.01243  0.008295   0.03261        50       640    0.6382    0.8101    0.7792    0.6694   0.06232   0.04113   0.02221
   206/299     3.91G   0.01298   0.01246  0.008746   0.03418        16       640    0.6004    0.8413    0.7656    0.6585   0.06241   0.04147   0.02234
   207/299     3.91G   0.01261    0.0128  0.008469   0.03387        29       640    0.7291    0.7373    0.7706    0.6639   0.06233   0.04119    0.0224
   208/299     3.91G   0.01525   0.01214  0.009363   0.03675        24       640    0.7424    0.7245    0.7669    0.6597   0.06222   0.04165   0.02244
   209/299     3.91G   0.01295   0.01215  0.008668   0.03377        24       640    0.6469    0.8088    0.7752    0.6674   0.06216    0.0416   0.02227
   210/299     3.91G   0.01239   0.01262  0.008221   0.03323        35       640    0.7111    0.7532    0.7852    0.6747    0.0621   0.04144   0.02215
   211/299     3.91G   0.01187   0.01249  0.008576   0.03294        10       640    0.6149    0.8518    0.7751    0.6674   0.06192   0.04128   0.02205
   212/299     3.91G   0.01421   0.01237  0.008581   0.03516        37       640    0.6481    0.8124    0.7715    0.6666   0.06192   0.04147   0.02207
   213/299     3.91G   0.01381   0.01276  0.008568   0.03514        23       640    0.7048    0.7521    0.7755    0.6678   0.06197   0.04162   0.02205
   214/299     3.91G   0.01172   0.01214   0.00835   0.03222        10       640    0.6743     0.797    0.7879    0.6785   0.06171   0.04182   0.02201
   215/299     3.91G   0.01238   0.01223  0.008435   0.03305        23       640    0.6572    0.8012    0.7846    0.6748   0.06176   0.04176   0.02204
   216/299     3.91G   0.01469    0.0127  0.008816    0.0362        26       640    0.6798    0.7851    0.7902    0.6808    0.0616   0.04163   0.02196
   217/299     3.91G   0.01379   0.01189  0.008464   0.03415        10       640    0.6343    0.8258    0.7836    0.6764   0.06141   0.04197   0.02207
   218/299     3.91G   0.01423   0.01233  0.008744   0.03531        38       640    0.6902     0.756    0.7856    0.6789   0.06125   0.04151   0.02199
   219/299     3.91G    0.0132   0.01248  0.008316     0.034        10       640    0.6793    0.7896    0.7859     0.679   0.06131   0.04167   0.02188
   220/299     3.91G   0.01273    0.0127  0.008235   0.03366        10       640    0.6707    0.7897    0.7871    0.6787   0.06123   0.04125   0.02187
   221/299     3.91G   0.01243   0.01245  0.008188   0.03306        38       640    0.6758    0.7923    0.7872    0.6802   0.06118   0.04116   0.02185
   222/299     3.91G   0.01173   0.01259  0.008017   0.03234        44       640    0.6511    0.8206    0.7871    0.6798   0.06108   0.04131    0.0219
   223/299     3.91G   0.01192   0.01274   0.00797   0.03263        21       640    0.6694    0.7927    0.7851    0.6787   0.06091   0.04141   0.02193
   224/299     3.91G   0.01155   0.01258  0.008284   0.03242        22       640    0.6871    0.7794    0.7878    0.6799    0.0606   0.04128   0.02166
   225/299     3.91G   0.01114   0.01332  0.008085   0.03254        12       640    0.7478    0.7554     0.794    0.6864   0.06042   0.04138   0.02169
   226/299     3.91G   0.01219   0.01348  0.008917   0.03458        21       640    0.6792     0.786    0.7868    0.6795   0.06029   0.04132   0.02163
   227/299     3.91G   0.01388   0.01398  0.008976   0.03684        44       640    0.6984     0.755     0.788    0.6815   0.06018   0.04103   0.02146
   228/299     3.91G   0.01497   0.01363  0.009143   0.03774        20       640    0.6642     0.797    0.7815    0.6733   0.05992   0.04119   0.02153
   229/299     3.91G   0.01232   0.01319  0.008659   0.03418        22       640    0.6698    0.8063    0.7825    0.6745   0.05993   0.04139   0.02153
   230/299     3.91G   0.01293   0.01286  0.008794   0.03458        30       640    0.7152    0.7649    0.7913    0.6807   0.05989   0.04142   0.02134
   231/299     3.91G   0.01383   0.01343  0.008702   0.03596        39       640    0.7008    0.7792    0.7906    0.6798   0.05984   0.04114    0.0214
   232/299     3.91G   0.01399   0.01342  0.008684    0.0361        17       640    0.6803    0.8046    0.7945     0.685   0.05987   0.04097   0.02123
   233/299     3.91G   0.01366   0.01327  0.008628   0.03556        18       640     0.672    0.8072    0.7913    0.6834   0.05987   0.04105   0.02115
   234/299     3.91G   0.01413   0.01326  0.008719   0.03611        11       640     0.657    0.8364    0.7941    0.6863   0.05974   0.04105   0.02123
   235/299     3.91G   0.01222   0.01335   0.00823   0.03379        18       640    0.7129    0.7575    0.7932    0.6836   0.05979   0.04112   0.02128
   236/299     3.91G   0.01328   0.01317  0.008338   0.03478         9       640    0.7181    0.7554    0.7896    0.6814   0.05974    0.0412   0.02123
   237/299     3.91G   0.01345   0.01294  0.008546   0.03493        12       640     0.671    0.8172    0.7946     0.686   0.05961   0.04135   0.02112
   238/299     3.91G   0.01363   0.01288  0.008093   0.03461        24       640    0.7128    0.7728    0.8001    0.6916   0.05958   0.04114   0.02099
   239/299     3.91G   0.01456   0.01296  0.008323   0.03585        25       640    0.6787    0.8096     0.801     0.693   0.05938   0.04115   0.02094
   240/299     3.91G   0.01247   0.01341  0.008033   0.03392        39       640    0.6949    0.8061     0.802     0.692   0.05937   0.04122   0.02096
   241/299     3.91G   0.01209   0.01311  0.008114   0.03331        19       640    0.7165    0.7664    0.7961    0.6878   0.05939   0.04109   0.02098
   242/299     3.91G   0.01389   0.01291  0.008336   0.03514        18       640    0.6813    0.8152    0.8029    0.6945   0.05941   0.04084   0.02092
   243/299     3.91G   0.01368   0.01313  0.008382    0.0352        15       640    0.6963    0.8077     0.801    0.6918   0.05944   0.04064   0.02093
   244/299     3.91G   0.01577   0.01297  0.008596   0.03734        34       640    0.7307     0.763    0.8057     0.694   0.05941   0.04047   0.02094
   245/299     3.91G   0.01141   0.01255  0.007654   0.03161        36       640    0.6987    0.8001     0.806    0.6946   0.05936   0.04075   0.02088
   246/299     3.91G   0.01379   0.01298  0.008146   0.03491        64       640    0.6862    0.8233    0.8044    0.6956   0.05929   0.04082   0.02082
   247/299     3.91G    0.0127   0.01301  0.007856   0.03357        15       640    0.7211    0.7725    0.8029    0.6932   0.05916   0.04081   0.02087
   248/299     3.91G   0.01123   0.01302  0.007734   0.03197        42       640    0.7199     0.777     0.803    0.6932   0.05917   0.04045   0.02085
   249/299     3.91G   0.01197   0.01295  0.007614   0.03254        12       640    0.6778    0.8064    0.8036    0.6959   0.05908   0.04056   0.02077
   250/299     3.91G   0.01236     0.013  0.007775   0.03313        30       640    0.6941    0.8024    0.8068    0.6993   0.05905   0.04035   0.02082
   251/299     3.91G   0.01273    0.0132  0.007812   0.03375        35       640    0.6939    0.7914    0.8039    0.6946   0.05907   0.04059   0.02075
   252/299     3.91G   0.01209   0.01279  0.007687   0.03256        16       640    0.7156      0.79    0.8083    0.6992   0.05896   0.04052    0.0206
   253/299     3.91G   0.01285   0.01278  0.007782   0.03341        21       640    0.7015    0.8234    0.8081    0.6985   0.05901   0.04049   0.02069
   254/299     3.91G   0.01431   0.01325  0.007777   0.03533        61       640    0.7152    0.7997    0.8071    0.6986   0.05908   0.04051   0.02073
   255/299     3.91G   0.01182   0.01256  0.007463   0.03184        12       640    0.6977    0.8163    0.8124    0.7032   0.05899    0.0404   0.02078
   256/299     3.91G   0.01364   0.01306  0.007725   0.03442        35       640    0.7399    0.7676    0.8061    0.6969    0.0589    0.0403   0.02086
   257/299     3.91G    0.0151   0.01265  0.007981   0.03573        32       640    0.7124    0.7921      0.81    0.7005   0.05885   0.04063   0.02063
   258/299     3.91G   0.01282   0.01272   0.00771   0.03325        28       640    0.7133    0.7895    0.8137    0.7059   0.05875   0.04067   0.02067
   259/299     3.91G     0.012   0.01287   0.00722   0.03209        31       640    0.7033    0.7933    0.8103    0.7026   0.05881   0.04076   0.02068
   260/299     3.91G   0.01119    0.0128  0.007125   0.03112        21       640    0.7454    0.7684    0.8123    0.7035   0.05883   0.04082   0.02068
   261/299     3.91G    0.0124   0.01282  0.007285   0.03251        24       640    0.7024    0.8087    0.8034    0.6972   0.05893   0.04138   0.02089
   262/299     3.91G   0.01139   0.01291  0.007352   0.03164        12       640    0.7109    0.7952    0.8012    0.6945    0.0589   0.04122   0.02085
   263/299     3.91G   0.01515   0.01303   0.00798   0.03616        28       640    0.6929    0.8388    0.8048    0.6947   0.05878   0.04106   0.02052
   264/299     3.91G   0.01216     0.013  0.007061   0.03223        20       640    0.6829    0.8287    0.8014    0.6932   0.05878   0.04088   0.02057
   265/299     3.91G   0.01295   0.01297  0.007119   0.03303        17       640    0.6901     0.846    0.8085    0.6988   0.05861    0.0409   0.02048
   266/299     3.91G   0.01462    0.0132  0.007684   0.03551        26       640     0.676    0.8352    0.8044    0.6974   0.05855   0.04117   0.02045
   267/299     3.91G   0.01462   0.01252  0.007696   0.03483        17       640    0.6848    0.8356    0.8098    0.6996   0.05856   0.04135   0.02045
   268/299     3.91G   0.01158   0.01293  0.007224   0.03174        24       640    0.6896    0.8389    0.8101    0.6987   0.05859   0.04138   0.02044
   269/299     3.91G   0.01532   0.01292  0.007582   0.03582        27       640    0.7026    0.8109    0.8118    0.7033   0.05864   0.04125   0.02053
   270/299     3.91G   0.01239    0.0132   0.00725   0.03284        26       640    0.6874    0.8391    0.8077    0.7003   0.05869   0.04129    0.0206
   271/299     3.91G   0.01152   0.01287  0.007025   0.03141        23       640    0.6836    0.8192    0.8058    0.6971   0.05879   0.04152   0.02083
   272/299     3.91G   0.01396   0.01306  0.007601   0.03462        20       640    0.6575    0.8438    0.8049     0.696   0.05881   0.04137   0.02073
   273/299     3.91G   0.01309   0.01315  0.007166    0.0334        13       640    0.7092    0.7882     0.804    0.6963   0.05867   0.04137   0.02053
   274/299     3.91G    0.0122   0.01261  0.007024   0.03183        23       640    0.6826    0.8301     0.808    0.6985   0.05866   0.04125    0.0205
   275/299     3.91G   0.01141   0.01291  0.006944   0.03126        23       640    0.7005     0.795    0.8074    0.6987   0.05866     0.041   0.02053
   276/299     3.91G   0.01237   0.01273  0.006979   0.03208        15       640    0.6956    0.8123    0.8078    0.6978   0.05854   0.04108   0.02054
   277/299     3.91G   0.01244   0.01298  0.007062   0.03248        37       640     0.688    0.8409    0.8147    0.7049   0.05854   0.04098   0.02058
   278/299     3.91G   0.01263    0.0127  0.007148   0.03248        32       640    0.6586    0.8505    0.8107    0.7008   0.05854   0.04121   0.02069
   279/299     3.91G   0.01251   0.01295  0.006915   0.03238        38       640    0.6738    0.8578    0.8166    0.7081   0.05855   0.04133   0.02064
   280/299     3.91G   0.01361   0.01315  0.006864   0.03363        32       640    0.6832    0.8318    0.8089    0.7014   0.05853   0.04096   0.02061
   281/299     3.91G    0.0131   0.01265  0.007082   0.03284        15       640    0.6884      0.81    0.8095     0.703   0.05851   0.04098   0.02059
   282/299     3.91G   0.01067   0.01291  0.006508    0.0301        27       640    0.7018    0.7961    0.8093    0.7027   0.05845   0.04068   0.02046
   283/299     3.91G   0.01213   0.01272    0.0068   0.03165        10       640    0.7312    0.7568    0.8092    0.7005   0.05845   0.04084   0.02042
   284/299     3.91G   0.01196   0.01265  0.006729   0.03135        30       640    0.7307    0.7723    0.8093    0.6999   0.05842   0.04113   0.02046
   285/299     3.91G   0.01223   0.01257  0.006771   0.03157         8       640    0.6713    0.8422    0.8121    0.7038   0.05843   0.04107   0.02052
   286/299     3.91G   0.01498   0.01294  0.007305   0.03522        14       640    0.7091    0.7828    0.8105    0.7033   0.05846   0.04102   0.02045
   287/299     3.91G   0.01378   0.01305   0.00702   0.03385        46       640    0.6909    0.8275    0.8185    0.7085   0.05843   0.04111   0.02039
   288/299     3.91G   0.01064   0.01285  0.006217   0.02971        29       640    0.6834    0.8452    0.8194    0.7092   0.05838   0.04118   0.02038
   289/299     3.91G   0.01241    0.0132  0.007072   0.03269        14       640    0.7177    0.7858     0.813    0.7039   0.05837   0.04112   0.02042
   290/299     3.91G   0.01004   0.01271  0.006426   0.02917        15       640    0.6928    0.8206    0.8126     0.704   0.05832   0.04112    0.0204
   291/299     3.91G   0.01125   0.01263  0.006868   0.03075        13       640    0.6838     0.835    0.8152    0.7067    0.0583   0.04087   0.02048
   292/299     3.91G   0.01254   0.01278  0.007378    0.0327        23       640    0.6828    0.8274    0.8111    0.7031   0.05833    0.0406   0.02048
   293/299     3.91G   0.01299    0.0129  0.007761   0.03365        44       640    0.6864    0.8082    0.8045    0.6964   0.05841   0.04069   0.02061
   294/299     3.91G   0.01319   0.01383  0.007484   0.03451        29       640    0.6831    0.8127    0.8079    0.6977   0.05837   0.04055   0.02051
   295/299     3.91G   0.01184   0.01285  0.007032   0.03172        15       640    0.6818    0.8471    0.8121    0.7052   0.05835   0.04055   0.02047
   296/299     3.91G   0.01271   0.01266  0.006867   0.03223        18       640     0.697    0.8117    0.8093    0.7009   0.05839   0.04044    0.0205
   297/299     3.91G   0.01245   0.01336  0.006998    0.0328        30       640    0.7265    0.7763    0.8095    0.7015   0.05835   0.04041    0.0205
   298/299     3.91G   0.01286   0.01293  0.007504    0.0333        18       640    0.7047    0.8064    0.8081    0.7009   0.05832   0.04062   0.02061
   299/299     3.91G   0.01246   0.01355  0.006811   0.03282        20       640    0.7203    0.8003     0.812    0.7055   0.05824   0.04068    0.0206
