     0/299     3.84G   0.04699    0.5349   0.08724    0.6691        24       640   0.01473    0.2024  0.007892  0.001766   0.07411    0.1797    0.1158
     1/299     3.84G   0.06016    0.0429    0.1128    0.2159        29       640   0.03794    0.4148   0.02972   0.00828   0.07518   0.07807    0.1068
     2/299     3.84G   0.05854    0.0371   0.09621    0.1918        35       640   0.04576    0.2928   0.02458  0.007119   0.07982   0.09278   0.07028
     3/299     3.85G   0.05125   0.04331   0.05903    0.1536        52       640   0.03247     0.461   0.04547   0.01645   0.07343    0.2371   0.04478
     4/299     3.85G   0.04976   0.03787   0.03265    0.1203        13       640    0.3595    0.2959   0.03544  0.008817   0.07728     0.443    0.0435
     5/299     3.85G   0.05064   0.02531   0.02772    0.1037         8       640    0.3667    0.3907   0.06564   0.03618   0.08192    0.5039   0.03923
     6/299     3.85G   0.04576   0.02306   0.02698    0.0958        28       640    0.5286    0.3546   0.08753   0.04548   0.07288    0.5412   0.04065
     7/299     3.85G   0.04472   0.02228   0.02696   0.09397        15       640    0.4746     0.434   0.09478   0.05859   0.07019    0.4995   0.04214
     8/299     3.85G   0.04181   0.02345   0.02763   0.09289        25       640   0.06027    0.5723   0.08293   0.05425   0.07275    0.4538   0.04183
     9/299     3.85G   0.04689   0.02355   0.02871   0.09916        14       640    0.3217    0.4331   0.07916   0.03424   0.08504    0.3874   0.04104
    10/299     3.85G   0.04187   0.02361   0.02726   0.09274        24       640    0.3628    0.4486    0.1236   0.08019   0.07528    0.3434   0.03996
    11/299     3.85G   0.04277   0.02515   0.02685   0.09477        26       640    0.2994    0.3482    0.1022   0.04547   0.07734     0.312   0.04007
    12/299     3.85G    0.0426   0.02607   0.02661   0.09528        22       640    0.4448    0.3475   0.09968   0.06323   0.07239     0.314   0.04056
    13/299     3.85G     0.043     0.026   0.02656   0.09557        31       640    0.5666    0.4016    0.1223   0.08565   0.07118    0.3439   0.04137
    14/299     3.85G   0.04155   0.02593    0.0264   0.09388         7       640    0.5449    0.4848    0.1064   0.06503   0.07314    0.3067    0.0419
    15/299     3.85G   0.03876   0.02659   0.02579   0.09114        27       640    0.5392    0.4715    0.1082   0.07401   0.07245    0.2969   0.04152
    16/299     3.85G   0.04365   0.02624   0.02647   0.09637        18       640    0.4797     0.461    0.1189   0.08034   0.07138    0.2727   0.04151
    17/299     3.85G   0.04194   0.02575   0.02625   0.09394        19       640    0.3439    0.4845    0.1225   0.08421   0.07119    0.2682   0.04158
    18/299     3.85G   0.03868   0.02549   0.02568   0.08985        28       640   0.06837    0.8696    0.1334   0.09088   0.07088    0.2533   0.04146
    19/299     3.85G    0.0373   0.02628   0.02484   0.08842        13       640    0.0751    0.8143     0.166    0.1269   0.06946    0.2742   0.04191
    20/299     3.72G   0.03757   0.02404   0.02507   0.08668        30       640    0.3499    0.5295    0.1624    0.1164   0.07119    0.2531   0.04138
    21/299     3.72G   0.03659   0.02429   0.02513   0.08601        23       640    0.3536    0.4528    0.1599    0.1123   0.07279    0.2621   0.04148
    22/299     3.72G   0.04096   0.02403   0.02562   0.09061        22       640    0.3719     0.546    0.1755    0.1221   0.07094    0.2306   0.04154
    23/299     3.72G   0.03578   0.02269   0.02455   0.08303        25       640    0.3721    0.5157    0.1989    0.1461   0.07006    0.2611   0.04108
    24/299     3.72G   0.03785   0.02305   0.02478   0.08569        21       640    0.3716    0.5359    0.2086    0.1553   0.06969    0.2513   0.04083
    25/299     3.72G   0.03739   0.02353   0.02427   0.08519        14       640    0.3874    0.5011    0.2254    0.1708   0.06974    0.2534   0.04072
    26/299     3.72G   0.03793   0.02308   0.02384   0.08485        32       640    0.5295     0.463    0.2211    0.1563   0.07014    0.2762   0.04079
    27/299     3.72G   0.03623   0.02275   0.02325   0.08224        30       640    0.4539    0.5074    0.2336    0.1778   0.06945    0.2378   0.04058
    28/299     3.72G   0.03517   0.02148   0.02299   0.07964        38       640    0.4788    0.4859    0.2239    0.1692   0.06978    0.2552    0.0401
    29/299     3.72G   0.03606   0.02248   0.02265   0.08119        14       640    0.5979    0.4318    0.2257    0.1656   0.07002    0.2572   0.03984
    30/299     3.72G   0.03898   0.02187   0.02283   0.08368        27       640    0.6022    0.4894    0.2397    0.1877   0.06994    0.2277   0.03997
    31/299     3.72G    0.0411   0.02236   0.02321   0.08667        17       640    0.5382    0.4549    0.2293    0.1805   0.06842    0.2473    0.0396
    32/299     3.72G   0.03799   0.02213   0.02284   0.08296         7       640    0.5385    0.4353    0.2256    0.1792   0.06849    0.2558   0.03967
    33/299     3.72G   0.03692   0.02132   0.02223   0.08047        22       640    0.6062    0.4319    0.2364    0.1783   0.06941    0.2249    0.0396
    34/299     3.72G   0.03656   0.02175   0.02205   0.08036        49       640    0.6121    0.3766      0.24     0.176   0.06988    0.2133   0.03983
    35/299     3.72G    0.0357   0.02135   0.02214   0.07919        18       640    0.6154    0.4307    0.2382    0.1782   0.06887    0.2243   0.03929
    36/299     3.72G   0.03727   0.02173   0.02192   0.08093        17       640     0.557    0.3872    0.2461    0.1819   0.06908    0.2145   0.03937
    37/299     3.72G   0.03793   0.02194   0.02213     0.082        24       640    0.3016    0.4491     0.228    0.1693   0.06826    0.2091   0.03941
    38/299     3.72G   0.04147   0.02241    0.0227   0.08659        15       640    0.1536    0.4519    0.2176    0.1709   0.06645    0.2101   0.03932
    39/299     3.72G   0.03366   0.02341   0.02157   0.07863        23       640    0.5656    0.4355    0.2349     0.162   0.06701    0.1973    0.0391
    40/299     3.72G   0.03783    0.0235    0.0217   0.08303        37       640     0.637    0.3863    0.2279    0.1698   0.06505    0.2017   0.03862
    41/299     3.72G     0.037   0.02307   0.02185   0.08192        22       640    0.6425    0.4137    0.2407    0.1858   0.06338    0.2041   0.03821
    42/299     3.72G   0.04204   0.02384   0.02268   0.08856        39       640    0.6259    0.4284    0.2334    0.1861   0.06303    0.1774   0.03888
    43/299     3.72G   0.03784   0.02426   0.02107   0.08317        30       640    0.6388    0.3859    0.2435    0.1925   0.06235    0.1956   0.03842
    44/299     3.72G    0.0375   0.02347   0.02082    0.0818        18       640    0.6376    0.3914    0.2526    0.1989   0.06265    0.1901   0.03828
    45/299     3.72G   0.04107   0.02391   0.02209   0.08707         9       640    0.6284    0.4194    0.2495    0.1982   0.06247    0.1852   0.03802
    46/299     3.72G   0.03928   0.02354    0.0213   0.08412        15       640    0.6347    0.4274    0.2561    0.2014   0.06249     0.181   0.03831
    47/299     3.72G   0.04003   0.02306   0.02141   0.08451         7       640    0.6391     0.391     0.273    0.2184   0.06215    0.1903   0.03786
    48/299     3.72G   0.03906   0.02383   0.02091    0.0838         7       640    0.1607    0.6469    0.2705    0.2078   0.06256    0.1971   0.03819
    49/299     3.73G   0.03588   0.02311   0.02056   0.07956        10       640    0.6442    0.3914    0.2863    0.2248   0.06245    0.1847   0.03834
    50/299     3.73G   0.03416   0.02355   0.01974   0.07745        29       640    0.6543    0.3824    0.2904    0.2212   0.06298    0.1838   0.03849
    51/299     3.73G   0.03699   0.02233    0.0204   0.07972        19       640    0.6516    0.3696    0.2809    0.2264   0.06188    0.2012   0.03803
    52/299     3.73G   0.03884   0.02351   0.02021   0.08256        17       640    0.6523    0.3687    0.2932    0.2282   0.06201    0.1981    0.0381
    53/299     3.73G   0.03598   0.02224   0.02001   0.07823        26       640    0.1595     0.742    0.3032    0.2374   0.06207    0.1719   0.03844
    54/299     3.73G   0.03833   0.02329   0.02001   0.08163        41       640    0.1734    0.6992    0.3156    0.2543   0.06146    0.1885   0.03763
    55/299     3.73G   0.03995   0.02382   0.02024     0.084         9       640    0.1637    0.7062    0.3195    0.2561   0.06167    0.1887   0.03791
    56/299     3.73G   0.03896   0.02282   0.01995   0.08173        36       640    0.1794    0.7175    0.3283    0.2545   0.06165    0.1894   0.03761
    57/299     3.73G   0.03494   0.02222   0.01903   0.07618        31       640    0.1714    0.7054    0.3374    0.2712   0.06127    0.1872   0.03737
    58/299     3.73G   0.03821   0.02367    0.0198   0.08168        46       640    0.1813     0.703    0.3353    0.2761   0.06107     0.202   0.03732
    59/299     3.73G   0.03865    0.0237   0.01922   0.08157        42       640    0.1872    0.7443    0.3365     0.277   0.06086     0.185   0.03734
    60/299     3.73G   0.03625   0.02333   0.01901   0.07859        16       640     0.181     0.749    0.3599    0.2965   0.06081    0.1876   0.03688
    61/299     3.73G   0.03535    0.0226   0.01919   0.07714        14       640    0.4662    0.5199    0.3551    0.2863   0.06116    0.1788   0.03745
    62/299     3.73G   0.03735   0.02414   0.01878   0.08027        16       640    0.4948    0.5001    0.3638    0.2946   0.06111     0.183   0.03749
    63/299     3.73G   0.03543   0.02275   0.01844   0.07661        29       640      0.66    0.4144    0.3662    0.2989   0.06108    0.1961   0.03698
    64/299     3.73G   0.04192   0.02403   0.01943   0.08538        27       640    0.5813     0.477    0.3727    0.2959   0.06133    0.1795   0.03793
    65/299     3.73G   0.03557   0.02316   0.01817    0.0769        12       640    0.5669    0.4648    0.3889    0.3211   0.06059    0.1889   0.03694
    66/299     3.73G   0.04128   0.02411   0.01837   0.08376        31       640    0.2126    0.6836    0.3604     0.287   0.06122    0.1978   0.03796
    67/299     3.73G   0.03867   0.02471   0.01864   0.08201         8       640    0.5819    0.4472    0.3897     0.322   0.06051    0.1859   0.03726
    68/299     3.73G   0.03883   0.02316    0.0184   0.08039        35       640    0.5588    0.4827    0.3799    0.3128   0.06043    0.1829    0.0376
    69/299     3.73G   0.04042   0.02461   0.01891   0.08395        28       640    0.5735    0.4891    0.4001    0.3257   0.06077    0.1643   0.03795
    70/299     3.73G   0.03714   0.02312   0.01772   0.07798        18       640     0.576    0.4894    0.3968    0.3188   0.06132    0.1619   0.03883
    71/299     3.73G   0.03928   0.02404   0.01808    0.0814        15       640    0.5807    0.5168    0.3968    0.3222   0.06066    0.1631   0.03791
    72/299     3.73G   0.03805   0.02384   0.01848   0.08038        17       640    0.5876    0.4971    0.4242    0.3492   0.06028    0.1793   0.03748
    73/299     3.73G   0.04027   0.02382   0.01788   0.08198        27       640    0.5808    0.5231    0.4318    0.3537   0.06038    0.1741   0.03747
    74/299     3.73G   0.0389   0.02398   0.01748   0.08036        63       640    0.6807     0.459    0.4324    0.3556   0.06017    0.1653   0.03783
    75/299     3.73G   0.03723   0.02307   0.01711   0.07741        27       640    0.2202    0.8064    0.4251     0.346   0.06049    0.1758   0.03781
    76/299     3.73G   0.03772   0.02342   0.01765   0.07879        12       640    0.6118    0.5083    0.4461    0.3657   0.06026     0.174   0.03724
    77/299     3.73G   0.04148   0.02449   0.01805   0.08403        11       640     0.698    0.4559    0.4502    0.3656   0.06008    0.1685   0.03783
    78/299     3.73G   0.03627   0.02345   0.01664   0.07636        13       640    0.2324    0.7843     0.451    0.3777   0.05979    0.1715   0.03709
    79/299     3.73G   0.03613    0.0236   0.01699   0.07671         8       640    0.6886      0.46    0.4468    0.3678   0.05977    0.1742    0.0372
    80/299     3.73G   0.03922   0.02317     0.017   0.07939        25       640    0.2499    0.7561    0.4614    0.3799    0.0598    0.1726   0.03676
    81/299     3.73G   0.03853   0.02404   0.01719   0.07976        19       640     0.281     0.728    0.4576    0.3794   0.05958    0.1773     0.037
    82/299     3.73G   0.03539   0.02344   0.01585   0.07467        36       640    0.6815    0.4968    0.4997    0.4076   0.05994    0.1692    0.0371
    83/299     3.73G   0.03679    0.0231   0.01671    0.0766        19       640    0.5297    0.5613    0.4554    0.3789   0.05969     0.184   0.03836
    84/299     3.73G   0.03594   0.02365   0.01637   0.07595        13       640    0.3004    0.6907    0.4947    0.4103   0.05935    0.1697   0.03719
    85/299     3.73G   0.03846   0.02427   0.01604   0.07878        45       640    0.3156    0.7275    0.4966    0.4074   0.05971    0.1599   0.03656
    86/299     3.73G   0.03406   0.02425   0.01557   0.07387        27       640    0.6992    0.5157    0.5159    0.4263   0.05896    0.1525   0.03664
    87/299     3.73G   0.03908   0.02545   0.01633   0.08086        36       640    0.3245    0.7587    0.5088    0.4202   0.05912     0.155   0.03658
    88/299     3.73G   0.03651   0.02491   0.01554   0.07696        26       640    0.3827    0.6511    0.4737    0.3852   0.05948    0.1434   0.03672
    89/299     3.73G   0.03761   0.02348   0.01576   0.07684        15       640    0.3407    0.7561    0.5477    0.4505   0.05877    0.1553   0.03696
    90/299     3.73G   0.03356   0.02379   0.01496    0.0723        37       640    0.3762    0.6666    0.5304    0.4467   0.05837     0.159   0.03687
    91/299     3.73G   0.03608   0.02405   0.01541   0.07554        22       640    0.4256    0.6724    0.5535    0.4569   0.05836    0.1496   0.03669
    92/299     3.73G   0.03925   0.02434   0.01569   0.07929        18       640    0.3716    0.7308    0.5509    0.4583   0.05828      0.15   0.03724
    93/299     3.73G   0.03703   0.02431   0.01545    0.0768         8       640    0.4279    0.6712     0.553    0.4563   0.05805    0.1491   0.03674
    94/299     3.73G   0.03454   0.02332   0.01482   0.07268        25       640    0.5539    0.6194    0.5744    0.4795   0.05767    0.1476    0.0367
    95/299     3.73G   0.03729   0.02324   0.01524   0.07578        14       640    0.3866      0.73    0.5635    0.4635   0.05762    0.1519   0.03685
    96/299     3.73G   0.03706   0.02443   0.01505   0.07653        23       640    0.5315      0.61    0.5447    0.4478   0.05742    0.1514   0.03674
    97/299     3.73G   0.03694    0.0234   0.01437   0.07471        14       640    0.5041    0.6548    0.5839    0.4877   0.05716    0.1526    0.0367
    98/299     3.73G   0.03645   0.02369   0.01456    0.0747        20       640    0.4038    0.7553    0.5693    0.4745   0.05695    0.1402    0.0366
    99/299     3.73G   0.0374   0.02397    0.0146   0.07597        27       640    0.5199    0.6781    0.5859    0.4873   0.05708    0.1464   0.03646
   100/299     3.73G   0.03626   0.02417   0.01449   0.07492        12       640    0.4871    0.6993    0.5829    0.4862   0.05672    0.1426   0.03596
   101/299     3.73G   0.03797   0.02474   0.01458   0.07729        36       640    0.4466    0.7362    0.5798    0.4753   0.05707    0.1408   0.03598
   102/299     3.73G   0.03666   0.02439    0.0144   0.07544        16       640    0.4785    0.7768    0.6052    0.5069   0.05654    0.1363   0.03566
   103/299     3.73G   0.03578   0.02309   0.01344   0.07231        15       640    0.4354    0.8122    0.5992     0.499   0.05652    0.1381   0.03645
   104/299     3.73G   0.03596   0.02386   0.01404   0.07386        19       640     0.439    0.7775    0.5963    0.4959   0.05635    0.1377   0.03601
   105/299     4.22G   0.03849   0.02411   0.01403   0.07662        18       640     0.455    0.7964    0.6091    0.5059   0.05642    0.1393   0.03612
   106/299     4.22G   0.03645   0.02338   0.01392   0.07375        45       640    0.4942    0.7544    0.6218    0.5206   0.05607    0.1413   0.03598
   107/299     4.22G   0.03969   0.02393   0.01434   0.07796        24       640    0.5188     0.737    0.6087    0.5001   0.05633    0.1408   0.03599
   108/299     4.22G   0.0353   0.02374   0.01339   0.07243        39       640    0.4879    0.8251    0.6201    0.5152   0.05609    0.1357   0.03562
   109/299     4.22G   0.03787   0.02368   0.01432   0.07586        12       640    0.4931    0.7838    0.6202    0.5179   0.05605    0.1397   0.03634
   110/299     4.22G   0.03844   0.02337   0.01348   0.07529         8       640    0.4789    0.8075    0.5983    0.4989   0.05607    0.1279   0.03589
   111/299     4.22G   0.0345   0.02335   0.01334   0.07119        11       640    0.4891    0.7783    0.6101    0.5105   0.05628    0.1359   0.03687
   112/299     4.22G   0.03837   0.02341   0.01346   0.07524        36       640    0.5153    0.7777    0.6175    0.5145   0.05609    0.1313   0.03602
   113/299     4.22G   0.03768   0.02362   0.01359   0.07489        40       640    0.4922    0.8382    0.6306    0.5291   0.05601    0.1268   0.03581
   114/299     4.22G   0.03485   0.02319   0.01316   0.07119        17       640    0.5029    0.8339    0.6337     0.532   0.05606    0.1306   0.03623
   115/299     4.22G   0.04004   0.02349   0.01383   0.07736        32       640    0.4767    0.8218    0.6244    0.5251   0.05578    0.1209   0.03653
   116/299     4.22G   0.03654   0.02369   0.01362   0.07385        41       640    0.5139    0.7546    0.6435    0.5389   0.05587    0.1235    0.0356
   117/299     4.22G   0.03609    0.0234   0.01296   0.07245        32       640    0.5038    0.8198    0.6323    0.5278   0.05584    0.1232    0.0358
   118/299     4.22G   0.0372   0.02303   0.01315   0.07338        24       640     0.515    0.8127    0.6493    0.5431   0.05574     0.118   0.03589
   119/299     4.22G   0.03805   0.02272   0.01323     0.074        26       640    0.5172     0.808    0.6458     0.543   0.05565    0.1158   0.03592
   120/299     4.22G   0.03575   0.02247   0.01233   0.07054        28       640     0.486    0.8772    0.6499    0.5463   0.05565    0.1225   0.03594
   121/299     4.22G   0.03899   0.02393   0.01333   0.07625        20       640    0.5102    0.7997    0.6361    0.5329   0.05566    0.1186   0.03588
   122/299     4.22G   0.03662    0.0231   0.01284   0.07255        16       640    0.5057    0.8453    0.6552    0.5487    0.0556    0.1201   0.03579
   123/299     4.22G   0.03798   0.02453   0.01257   0.07508        37       640    0.5449    0.8107    0.6621    0.5571   0.05569    0.1165   0.03557
   124/299     4.22G   0.03698   0.02337    0.0119   0.07225        29       640    0.5027    0.8219    0.6567    0.5519   0.05573    0.1222   0.03589
   125/299     4.22G   0.03717   0.02332   0.01265   0.07313        27       640    0.5214    0.8337    0.6671    0.5608   0.05562    0.1152   0.03578
   126/299     4.22G   0.03768   0.02367   0.01233   0.07367        21       640    0.5479    0.8064     0.675    0.5677    0.0556     0.117    0.0357
   127/299     4.22G   0.03595   0.02269   0.01239   0.07103        64       640    0.5082    0.8285    0.6683    0.5603   0.05565    0.1179   0.03575
   128/299     4.22G   0.0378   0.02282   0.01285   0.07347        21       640    0.5124    0.8345     0.673     0.567   0.05566     0.115   0.03572
   129/299     4.22G   0.03701    0.0239   0.01238   0.07329        28       640     0.509    0.8371    0.6768    0.5729   0.05545    0.1148   0.03582
   130/299     4.22G   0.03858   0.02367   0.01287   0.07512        48       640    0.5095    0.8754    0.6813    0.5744   0.05542    0.1133   0.03572
   131/299     4.22G   0.03583   0.02288   0.01208   0.07079        13       640    0.5702    0.7811    0.6868    0.5821    0.0553    0.1139   0.03558
   132/299     4.22G   0.03543     0.023   0.01165   0.07009        24       640    0.5209    0.8448    0.6804    0.5709   0.05553    0.1121   0.03554
   133/299     4.22G   0.04012   0.02381   0.01265   0.07658        47       640     0.525     0.825    0.6789    0.5748   0.05553    0.1169   0.03547
   134/299     4.22G   0.03805    0.0231   0.01232   0.07347        14       640    0.5346    0.8365    0.6983    0.5936   0.05528    0.1092   0.03569
   135/299     4.22G   0.0365   0.02368   0.01201    0.0722        12       640    0.5349    0.8433    0.7027    0.5922   0.05564    0.1141   0.03586
   136/299     4.22G   0.03563   0.02237   0.01121   0.06921        12       640    0.5142    0.8263    0.6924    0.5904   0.05539    0.1123   0.03552
   137/299     4.22G   0.03897   0.02389   0.01231   0.07518         8       640    0.5135    0.8398    0.6846    0.5794   0.05536    0.1179    0.0358
   138/299     4.22G   0.03236   0.02198   0.01108   0.06542        13       640      0.56    0.8057    0.6971    0.5914   0.05533    0.1123   0.03547
   139/299     4.22G   0.03497   0.02229   0.01147   0.06873        29       640    0.5515    0.8657    0.7065    0.6001   0.05529    0.1128   0.03537
   140/299     4.22G   0.03699   0.02264   0.01173   0.07135        24       640    0.5173     0.872     0.698    0.5927   0.05526    0.1209   0.03605
   141/299     4.22G   0.03418   0.02184    0.0112   0.06721        20       640    0.5275    0.8953    0.7103    0.6008   0.05534    0.1151   0.03533
   142/299     4.22G   0.03481   0.02252   0.01166   0.06899        28       640    0.5619    0.8057    0.7075    0.6006   0.05512    0.1179   0.03544
   143/299     4.23G   0.03612   0.02219   0.01139   0.06971        39       640    0.5471     0.852    0.7129    0.6073    0.0552    0.1205   0.03575
   144/299     4.23G   0.03788   0.02318     0.012   0.07306        16       640    0.5566    0.8353    0.7185    0.6074   0.05524    0.1182   0.03557
   145/299     4.23G   0.03585   0.02286   0.01156   0.07027        35       640    0.5143    0.9044    0.7319    0.6227   0.05516     0.119   0.03555
   146/299     4.23G   0.03672   0.02279   0.01171   0.07122        14       640    0.5789    0.8112    0.7232    0.6155   0.05511    0.1206   0.03544
   147/299     4.23G   0.03474   0.02242   0.01115   0.06832        37       640    0.5513    0.8454    0.7114    0.6059   0.05495    0.1177   0.03579
   148/299     4.23G   0.03563   0.02228   0.01089   0.06881        10       640    0.5776    0.8077    0.7248     0.616   0.05498    0.1242   0.03577
   149/299     4.23G   0.03822   0.02212   0.01147    0.0718        38       640    0.5582    0.8564    0.7373    0.6283    0.0551    0.1183   0.03581
   150/299     4.23G    0.0371   0.02267   0.01142   0.07119        21       640    0.6407    0.7562    0.7293    0.6237   0.05491    0.1219   0.03593
   151/299     4.23G   0.03839    0.0229   0.01144   0.07273        28       640    0.5673    0.8528    0.7379    0.6282   0.05488    0.1217   0.03555
   152/299     4.23G   0.03541    0.0218   0.01161   0.06882         9       640    0.5785    0.8125    0.7401    0.6271    0.0549    0.1165    0.0359
   153/299     4.23G   0.03563   0.02162   0.01092   0.06818        40       640    0.5713    0.8503    0.7444    0.6364   0.05497    0.1165   0.03564
   154/299     4.23G   0.03685    0.0224   0.01138   0.07064        20       640    0.5868     0.774    0.7381    0.6306   0.05485    0.1234    0.0361
   155/299     4.23G   0.03581   0.02241   0.01091   0.06912        16       640    0.5939    0.8014    0.7503    0.6417   0.05477    0.1238   0.03588
   156/299     4.23G   0.03609   0.02185   0.01084   0.06879        21       640    0.5977    0.8063    0.7557    0.6467   0.05483    0.1248   0.03579
   157/299     4.23G   0.03591   0.02177   0.01116   0.06884        10       640    0.5981    0.8213    0.7462    0.6363   0.05486    0.1221   0.03573
   158/299     4.23G   0.03486   0.02188   0.01072   0.06746        24       640    0.6181    0.7974    0.7609    0.6518   0.05475    0.1217   0.03583
   159/299     4.23G   0.03671   0.02195   0.01129   0.06995        22       640    0.6087    0.7733    0.7462    0.6396   0.05467    0.1194   0.03622
   160/299     4.23G   0.03014   0.02145  0.009629   0.06122        18       640    0.6028    0.8087    0.7551    0.6448   0.05482    0.1205   0.03613
   161/299     4.23G   0.03871   0.02141   0.01123   0.07135        37       640    0.5628    0.8727    0.7662    0.6512   0.05502    0.1222   0.03606
   162/299     4.23G   0.03432   0.02142   0.01055   0.06629        23       640     0.632    0.7644    0.7622    0.6533   0.05489    0.1239   0.03605
   163/299     4.23G   0.03633   0.02167    0.0109    0.0689        17       640     0.641    0.7621     0.768    0.6551   0.05489    0.1187   0.03667
   164/299     4.23G   0.03219   0.02163  0.009921   0.06374        40       640    0.6137       0.8    0.7753    0.6667   0.05475    0.1197   0.03631
   165/299     4.23G   0.03682   0.02145    0.0104   0.06867        41       640    0.7061    0.7639    0.7731    0.6631   0.05494    0.1197   0.03595
   166/299     4.23G   0.03468    0.0212   0.01038   0.06626         9       640    0.6286    0.7785    0.7675    0.6546   0.05495    0.1223   0.03599
   167/299     4.23G   0.03624   0.02095   0.01099   0.06818        11       640     0.633    0.8186    0.7802    0.6676   0.05491    0.1184   0.03564
   168/299     4.23G   0.03558   0.02123   0.01035   0.06716        17       640    0.6199    0.8014    0.7748    0.6606   0.05495    0.1228   0.03642
   169/299     4.23G   0.03633   0.02229   0.01073   0.06935        15       640    0.5989    0.8628     0.777    0.6651   0.05488    0.1227   0.03648
   170/299     4.23G   0.03726   0.02022   0.01106   0.06853        30       640     0.591    0.8844    0.7803    0.6675     0.055      0.12   0.03611
   171/299     4.23G   0.03569   0.02103   0.01041   0.06713        49       640    0.6236    0.8276    0.7822    0.6716   0.05488    0.1197   0.03615
   172/299     4.23G   0.03772   0.02105   0.01073   0.06949        55       640    0.6598    0.7579     0.778    0.6694   0.05496    0.1211   0.03632
   173/299     4.23G   0.03912   0.02104   0.01109   0.07125        18       640    0.6112     0.829    0.7837    0.6718   0.05481    0.1212   0.03612
   174/299     4.23G   0.03649   0.02138   0.01043    0.0683        24       640    0.6158    0.8317    0.7867    0.6773   0.05474    0.1224   0.03648
   175/299     4.23G   0.03716   0.02101   0.01103    0.0692        39       640    0.6543    0.7793    0.7961    0.6806   0.05468    0.1216   0.03604
   176/299     4.23G   0.03727   0.02143   0.01112   0.06982        35       640     0.632    0.8241    0.7864    0.6731   0.05471    0.1201   0.03651
   177/299     4.23G   0.03577   0.02047   0.01029   0.06653        24       640    0.5884    0.8517    0.7771    0.6671   0.05478    0.1201    0.0366
   178/299     4.23G   0.03303   0.02033   0.00991   0.06326        19       640    0.6314    0.8278     0.783     0.673    0.0548    0.1218   0.03651
   179/299     4.23G   0.03214   0.02035   0.00949   0.06198        52       640    0.6524    0.7883    0.7879    0.6772   0.05487    0.1204   0.03656
   180/299     4.23G   0.03599    0.0212   0.01068   0.06787        30       640    0.6744    0.7368    0.7965     0.684   0.05487    0.1236   0.03649
   181/299     4.23G   0.03422   0.02073   0.01035    0.0653         5       640    0.6975    0.7349    0.7938    0.6795    0.0548    0.1237   0.03651
   182/299     4.23G   0.03399    0.0201  0.009917   0.06401        13       640     0.661    0.7551    0.7999    0.6841   0.05494    0.1231   0.03674
   183/299     4.23G   0.03401   0.02042    0.0101   0.06452        23       640    0.6677    0.7988    0.8047    0.6914   0.05496    0.1207   0.03601
   184/299     4.23G   0.03243   0.02045  0.009598   0.06248        50       640    0.6814    0.7578    0.8107     0.695   0.05494     0.121    0.0361
   185/299     4.23G   0.03623   0.02087   0.01033   0.06743        32       640    0.7066    0.7507    0.8146     0.698   0.05502    0.1188   0.03599
   186/299     4.23G   0.03228   0.02098  0.009417   0.06268        12       640    0.6867    0.7903    0.8076    0.6907   0.05494     0.119   0.03622
   187/299     4.23G   0.03524    0.0201  0.009855   0.06519         8       640     0.681    0.7908    0.8065    0.6929   0.05499    0.1196   0.03652
   188/299     4.23G   0.03444   0.02012   0.01014    0.0647        22       640    0.6699    0.7956    0.8054    0.6911   0.05505    0.1175   0.03652
   189/299     4.23G   0.03514   0.02063   0.01025   0.06602        21       640     0.697    0.7735    0.8142    0.6978   0.05516    0.1185   0.03657
   190/299     4.23G   0.03908   0.02054   0.01099   0.07061        36       640    0.6635    0.8256    0.8121    0.6962   0.05508    0.1146   0.03632
   191/299     4.23G    0.0366   0.02114   0.01022   0.06796        14       640    0.7017     0.755    0.8079    0.6956   0.05506    0.1168   0.03649
   192/299     4.23G   0.03634   0.02041   0.01012   0.06688        40       640    0.7108    0.7367    0.8067     0.692   0.05506    0.1175   0.03656
   193/299     4.23G   0.03269   0.02023  0.009242   0.06216        10       640    0.6867    0.7984     0.813    0.7005   0.05506    0.1179   0.03651
   194/299     4.23G   0.03769   0.02054   0.01048   0.06872         6       640     0.779    0.7492    0.8179    0.7048   0.05506    0.1172   0.03638
   195/299     4.23G   0.03007   0.02004  0.008501    0.0586        39       640    0.7042    0.7808    0.8239    0.7079   0.05504    0.1171    0.0363
   196/299     4.23G   0.03483   0.01998  0.009726   0.06454        12       640    0.7126    0.7781    0.8296    0.7162     0.055     0.116   0.03612
   197/299     4.23G   0.03317    0.0195  0.009072   0.06174        29       640    0.7465    0.7425    0.8234    0.7075   0.05497    0.1163   0.03653
   198/299     4.23G   0.03384    0.0194  0.009387   0.06263        33       640    0.6855    0.8302    0.8283    0.7124   0.05502    0.1187   0.03689
   199/299     4.23G   0.03505    0.0196  0.009744   0.06439         6       640    0.6859    0.8356    0.8352    0.7198   0.05496    0.1211   0.03661
   200/299     4.23G   0.03617   0.01931    0.0103   0.06577        24       640     0.695    0.8213    0.8262    0.7107   0.05501     0.117   0.03658
   201/299     4.23G   0.03525   0.01939  0.009603   0.06425        55       640    0.7359    0.7678    0.8322    0.7167   0.05489    0.1167   0.03625
   202/299     4.23G   0.03269   0.01969  0.009019    0.0614        25       640     0.737    0.7563    0.8279    0.7114     0.055    0.1201   0.03657
   203/299     4.23G   0.03508   0.01892   0.00974   0.06374        17       640    0.6891    0.8245    0.8283    0.7144   0.05494    0.1204   0.03633
   204/299     4.23G   0.03341   0.01956  0.009415   0.06239        26       640    0.7095    0.7799    0.8238    0.7108   0.05501    0.1156   0.03645
   205/299     4.23G   0.03795   0.01938   0.01028   0.06761        50       640     0.688    0.8424    0.8298    0.7163   0.05494    0.1181    0.0366
   206/299     4.23G   0.03653   0.01922  0.009682   0.06543        16       640    0.7115    0.8005    0.8286    0.7127     0.055    0.1142    0.0365
   207/299     4.23G   0.03981   0.01988   0.01045   0.07014        29       640    0.6601    0.8617    0.8335    0.7187   0.05501    0.1164    0.0367
   208/299     4.23G   0.03589   0.01905  0.009534   0.06447        24       640    0.8175    0.7513    0.8381     0.721   0.05498    0.1169   0.03648
   209/299     4.23G   0.03571   0.01868   0.00973   0.06412        24       640    0.7344     0.802    0.8297    0.7151     0.055    0.1169   0.03656
   210/299     4.23G   0.03164    0.0193  0.008744   0.05968        35       640    0.6722    0.8653    0.8295    0.7178   0.05496    0.1182   0.03662
   211/299     4.23G   0.03684   0.01919    0.0101   0.06612        10       640    0.6975    0.8287    0.8366    0.7228   0.05488     0.117   0.03654
   212/299     4.23G   0.03591   0.01917  0.009307   0.06439        37       640    0.7537    0.7803    0.8379    0.7246   0.05475    0.1198   0.03669
   213/299     4.23G   0.03836   0.02003  0.009924   0.06832        23       640    0.6841    0.8486    0.8378    0.7224   0.05472    0.1167   0.03629
   214/299     4.23G   0.03189   0.01863  0.008373   0.05889        10       640    0.7068    0.8321    0.8373     0.724   0.05482    0.1235   0.03676
   215/299     4.23G   0.03429   0.01877  0.009193   0.06225        23       640    0.7052    0.8389    0.8401    0.7254   0.05487    0.1205   0.03653
   216/299     4.23G   0.03482   0.01904  0.009477   0.06333        26       640    0.7078    0.8178    0.8285    0.7147   0.05483    0.1218   0.03641
   217/299     4.23G   0.03169    0.0176  0.008339   0.05763        10       640    0.6979     0.845    0.8437    0.7287    0.0548    0.1224   0.03659
   218/299     4.23G   0.03472   0.01918  0.009345   0.06325        38       640    0.7161    0.8207    0.8282    0.7119   0.05485    0.1215    0.0369
   219/299     4.23G   0.03588    0.0198  0.009606   0.06528        10       640      0.73    0.8198    0.8382    0.7243   0.05475    0.1209   0.03642
   220/299     4.23G   0.03672   0.01985  0.009632    0.0662        10       640    0.7025    0.8592    0.8315    0.7216   0.05468    0.1237   0.03669
   221/299     4.23G   0.03089   0.01877  0.008393   0.05804        38       640    0.7234    0.8361    0.8379    0.7265   0.05459    0.1246    0.0364
   222/299     4.23G   0.03192   0.01888   0.00844   0.05924        44       640    0.7436    0.8158    0.8401    0.7255   0.05466    0.1255   0.03646
   223/299     4.23G   0.03438   0.01907  0.008882   0.06233        21       640    0.6919    0.8578    0.8396    0.7257   0.05467    0.1245   0.03637
   224/299     4.23G   0.02906   0.01802  0.007906   0.05499        22       640    0.7012    0.8616    0.8389    0.7229   0.05479    0.1231   0.03662
   225/299     4.23G   0.03349    0.0187   0.00864   0.06083        12       640    0.7268    0.8194    0.8451    0.7302   0.05473    0.1223   0.03654
   226/299     4.23G   0.03363   0.01881  0.009391   0.06183        21       640    0.7448     0.814    0.8486    0.7328   0.05473    0.1245   0.03648
   227/299     4.23G   0.03691   0.01937  0.009311    0.0656        44       640    0.7191    0.8372    0.8415    0.7296   0.05462    0.1228   0.03633
   228/299     4.23G   0.03837   0.01903   0.01007   0.06746        20       640    0.6922    0.8766    0.8423    0.7263   0.05465    0.1222   0.03628
   229/299     4.23G    0.0355   0.01816  0.009057   0.06271        22       640    0.7495    0.8159    0.8373    0.7232   0.05462    0.1244   0.03627
   230/299     4.23G   0.03157   0.01773  0.008332   0.05764        30       640    0.7127    0.8521    0.8394    0.7254   0.05462    0.1253   0.03669
   231/299     4.23G   0.03434   0.01895  0.008883   0.06217        39       640    0.7201    0.8351    0.8375    0.7248   0.05457    0.1245   0.03656
   232/299     4.23G   0.03267   0.01834  0.008256   0.05927        17       640    0.7105    0.8491    0.8505    0.7365   0.05464    0.1249   0.03627
   233/299     4.23G    0.0339   0.01833  0.008934   0.06117        18       640    0.7432    0.8273    0.8503    0.7349   0.05467    0.1219   0.03648
   234/299     4.23G   0.03398   0.01819  0.008352   0.06052        11       640    0.7363    0.8312    0.8424    0.7268   0.05469    0.1257   0.03691
   235/299     4.23G   0.03687    0.0186  0.009325    0.0648        18       640    0.7123    0.8586    0.8551    0.7383   0.05476    0.1222   0.03692
   236/299     4.23G   0.03627    0.0183  0.009369   0.06394         9       640    0.7326    0.8534    0.8493    0.7336   0.05478    0.1211   0.03677
   237/299     4.23G   0.03212    0.0179  0.008446   0.05847        12       640    0.7424    0.8364    0.8464    0.7296   0.05477    0.1229   0.03679
   238/299     4.23G   0.03518   0.01752  0.008668   0.06137        24       640    0.7266    0.8435    0.8519    0.7352   0.05475    0.1237   0.03689
   239/299     4.23G     0.034   0.01766   0.00834   0.06001        25       640    0.7472    0.8444    0.8551    0.7394   0.05476    0.1227   0.03664
   240/299     4.23G   0.03408   0.01813   0.00879     0.061        39       640    0.7371    0.8521    0.8529    0.7367   0.05472    0.1241   0.03663
   241/299     4.23G   0.03688   0.01796   0.00919   0.06402        19       640    0.7448     0.824    0.8496    0.7332   0.05472    0.1261   0.03689
   242/299     4.23G   0.03361   0.01751  0.008725   0.05985        18       640    0.7671    0.8159    0.8544    0.7376   0.05464    0.1227    0.0366
   243/299     4.23G   0.03877   0.01824  0.009754   0.06677        15       640    0.7645    0.8207    0.8598    0.7397   0.05463    0.1246   0.03685
   244/299     4.23G    0.0347   0.01764  0.008654     0.061        34       640    0.7131    0.8647    0.8574    0.7408   0.05459    0.1248   0.03673
   245/299     4.23G   0.03529   0.01704  0.008445   0.06078        36       640    0.7343    0.8555    0.8542     0.737   0.05461    0.1266   0.03702
   246/299     4.23G    0.0328   0.01747  0.008243   0.05851        64       640    0.7879    0.8085    0.8524    0.7376    0.0546    0.1274   0.03686
   247/299     4.23G   0.03313   0.01753  0.008343     0.059        15       640     0.746    0.8443     0.853    0.7376   0.05457    0.1271   0.03699
   248/299     4.23G   0.03287   0.01744  0.008562   0.05887        42       640    0.7715    0.7995    0.8508    0.7328   0.05453    0.1258   0.03686
   249/299     4.23G    0.0335   0.01759  0.008335   0.05942        12       640    0.7518    0.8309    0.8505    0.7357   0.05454    0.1291   0.03687
   250/299     4.23G   0.03235   0.01787  0.008104   0.05833        30       640    0.7489    0.8361    0.8608    0.7445   0.05454    0.1274   0.03687
   251/299     4.23G   0.03529    0.0176  0.008665   0.06156        35       640    0.7557    0.8418    0.8631    0.7491   0.05454    0.1282   0.03692
   252/299     4.23G   0.03633   0.01713  0.008699   0.06215        16       640    0.7564    0.8469    0.8629    0.7493   0.05456     0.128   0.03682
   253/299     4.23G   0.03203   0.01734  0.007841   0.05721        21       640    0.7727    0.8214      0.86    0.7453   0.05456    0.1285   0.03709
   254/299     4.23G   0.03727   0.01787  0.009336   0.06447        61       640    0.7664    0.8347    0.8587    0.7418   0.05455    0.1268   0.03672
   255/299     4.23G   0.03282   0.01673  0.008484   0.05803        12       640    0.7594    0.8299    0.8553    0.7413   0.05452    0.1284   0.03696
   256/299     4.23G   0.03652   0.01736  0.008814   0.06269        35       640    0.7766     0.812    0.8566    0.7418   0.05449    0.1271   0.03707
   257/299     4.23G   0.03392   0.01698  0.008251   0.05915        32       640    0.7347    0.8452    0.8566    0.7404   0.05451    0.1278   0.03718
   258/299     4.23G   0.03378    0.0171  0.008227    0.0591        28       640    0.7653    0.8156    0.8507    0.7387   0.05451    0.1289   0.03734
   259/299     4.23G   0.03602   0.01702  0.008408   0.06145        31       640    0.7355    0.8507    0.8497    0.7363    0.0545    0.1299   0.03725
   260/299     4.23G   0.03442   0.01709  0.008178    0.0597        21       640    0.7181     0.864    0.8524    0.7394   0.05447      0.13   0.03719
   261/299     4.23G   0.03346    0.0168  0.007899   0.05816        24       640    0.7537    0.8298    0.8512    0.7356   0.05447    0.1316   0.03743
   262/299     4.23G   0.03569   0.01696  0.008439   0.06109        12       640    0.7614    0.8373    0.8616     0.747   0.05443    0.1325   0.03735
   263/299     4.23G   0.03664   0.01726  0.008802    0.0627        28       640    0.7633    0.8404    0.8644    0.7482   0.05445    0.1314   0.03745
   264/299     4.23G   0.03499   0.01697  0.008535   0.06049        20       640    0.7602     0.831    0.8599    0.7443   0.05445     0.133   0.03759
   265/299     4.23G   0.03517   0.01727  0.008423   0.06086        17       640     0.766    0.8357    0.8596    0.7447   0.05446     0.131   0.03747
   266/299     4.23G   0.03515   0.01721  0.008275   0.06063        26       640    0.7684    0.8366    0.8613     0.747   0.05444    0.1316   0.03739
   267/299     4.23G   0.03457   0.01647  0.008228   0.05927        17       640    0.7693    0.8289    0.8624    0.7452   0.05451    0.1325   0.03749
   268/299     4.23G   0.03622   0.01686  0.008577   0.06166        24       640    0.7335    0.8649    0.8624    0.7478   0.05449    0.1316   0.03753
   269/299     4.23G     0.037   0.01696  0.008927   0.06289        27       640      0.75    0.8398    0.8537     0.741    0.0545    0.1321   0.03747
   270/299     4.23G    0.0349   0.01732  0.008628   0.06085        26       640    0.7706    0.8246    0.8583    0.7463   0.05454    0.1306   0.03737
   271/299     4.23G   0.03283   0.01664  0.007939   0.05741        23       640    0.7809    0.8316    0.8658    0.7499   0.05449    0.1307   0.03732
   272/299     4.23G   0.03358   0.01696  0.008187   0.05872        20       640    0.8038    0.8124    0.8714     0.754   0.05448    0.1299   0.03727
   273/299     4.23G   0.03517   0.01697  0.008386   0.06052        13       640    0.7446    0.8594    0.8652     0.749   0.05443    0.1317   0.03752
   274/299     4.23G   0.03357   0.01626  0.008142   0.05798        23       640    0.7709    0.8447    0.8648    0.7511   0.05443     0.132   0.03758
   275/299     4.23G   0.03234   0.01696  0.007781   0.05708        23       640    0.7824    0.8268    0.8636    0.7493   0.05443    0.1308   0.03748
   276/299     4.23G   0.03419   0.01645  0.007908   0.05855        15       640    0.7672    0.8315    0.8587    0.7457   0.05439    0.1318   0.03731
   277/299     4.23G   0.03185   0.01675  0.007946   0.05655        37       640    0.7738    0.8464     0.865    0.7491   0.05438    0.1342   0.03743
   278/299     4.23G   0.03332    0.0165  0.007947   0.05777        32       640    0.7833    0.8408    0.8683    0.7519   0.05441    0.1321   0.03744
   279/299     4.23G   0.03198   0.01675  0.007626   0.05636        38       640    0.7923     0.831    0.8698    0.7544   0.05448     0.132   0.03751
   280/299     4.23G   0.03243   0.01683  0.007705   0.05697        32       640     0.781    0.8354    0.8698    0.7539   0.05447    0.1328   0.03746
   281/299     4.23G   0.03327   0.01623  0.007759   0.05726        15       640    0.7887    0.8375    0.8732    0.7574   0.05448    0.1319   0.03755
   282/299     4.23G   0.03165    0.0166  0.007435   0.05568        27       640    0.7772    0.8265    0.8691    0.7537   0.05447    0.1328   0.03753
   283/299     4.23G   0.03477   0.01606  0.008324   0.05916        10       640    0.8218    0.7933    0.8694    0.7559   0.05446    0.1322   0.03746
   284/299     4.23G   0.03035   0.01598  0.007419   0.05375        30       640    0.7882    0.8219    0.8701    0.7551   0.05447    0.1331   0.03748
   285/299     4.23G   0.03176    0.0159  0.007159   0.05482         8       640    0.8245    0.7977    0.8735    0.7575   0.05452    0.1326   0.03751
   286/299     4.23G   0.03286    0.0164  0.007922   0.05718        14       640    0.7974    0.8237    0.8732    0.7561   0.05454     0.132   0.03755
   287/299     4.23G   0.03468   0.01648  0.007997   0.05915        46       640    0.8035    0.8256    0.8747    0.7593   0.05449    0.1316   0.03754
   288/299     4.23G    0.0356    0.0164  0.008268   0.06027        29       640    0.7966    0.8264     0.869    0.7512   0.05451    0.1311   0.03755
   289/299     4.23G   0.03423   0.01645  0.008267   0.05895        14       640    0.7981    0.8247     0.869    0.7548    0.0545     0.134   0.03769
   290/299     4.23G    0.0335   0.01597  0.008118   0.05759        15       640    0.7741     0.845    0.8662    0.7505   0.05449    0.1337   0.03763
   291/299     4.23G   0.03089   0.01585  0.007311   0.05404        13       640     0.781    0.8381    0.8679    0.7507   0.05447    0.1336   0.03773
   292/299     4.23G   0.03107   0.01588  0.007342   0.05429        23       640    0.7968    0.8239    0.8673    0.7513   0.05444    0.1345   0.03778
   293/299     4.23G   0.03422   0.01625  0.008159   0.05863        44       640    0.7791    0.8397    0.8732    0.7577   0.05445    0.1347   0.03783
   294/299     4.23G    0.0362   0.01724  0.008665   0.06211        29       640    0.7949    0.8191    0.8738    0.7585   0.05444    0.1355   0.03777
   295/299     4.23G   0.03338   0.01587  0.007861   0.05711        15       640    0.7854    0.8016    0.8645    0.7502   0.05446    0.1343   0.03757
   296/299     4.23G   0.03414   0.01557  0.007813   0.05752        18       640     0.781    0.8187    0.8657    0.7493   0.05449    0.1342   0.03778
   297/299     4.23G   0.02919   0.01649  0.006969   0.05265        30       640    0.7931    0.8264    0.8712    0.7559   0.05448    0.1344   0.03759
   298/299     4.23G   0.03325   0.01602   0.00786   0.05712        18       640    0.7783    0.8354    0.8706    0.7529   0.05447     0.133   0.03763
   299/299     4.23G   0.03345   0.01672  0.007751   0.05792        20       640    0.7684    0.8502    0.8724    0.7543   0.05448    0.1333   0.03753
