     0/299     3.63G   0.05119    0.4839   0.08395    0.6191        24       640 0.0002559   0.00746 4.647e-06 1.246e-06    0.1059   0.07378    0.1154
     1/299     3.66G   0.06213   0.03546   0.09781    0.1954        29       640 0.0001023   0.01744 7.355e-06 1.479e-06    0.1338     10.52    0.1747
     2/299     3.67G    0.0645   0.03085   0.07675    0.1721        35       640 0.0006552   0.01183 3.124e-05  1.13e-05   0.09602    0.1561   0.06431
     3/299     3.67G    0.0645   0.02762   0.04728    0.1394        52       640    0.8938    0.0345   0.02014  0.003846    0.1073   0.07916   0.04871
     4/299     3.67G     0.068    0.0243   0.04042    0.1327        13       640      0.51    0.2173   0.04672   0.01536   0.08068    0.2247    0.0466
     5/299     3.67G   0.06677   0.02452   0.03986    0.1311         8       640    0.3008    0.2311   0.05743   0.02798   0.07876    0.1496   0.04389
     6/299     3.67G   0.05523   0.02231   0.03632    0.1139        28       640    0.3325    0.2963   0.09995   0.03928   0.07401    0.1305   0.04356
     7/299     3.67G   0.04879   0.02518   0.03504     0.109        15       640    0.3978    0.3506   0.09239   0.03788   0.07471    0.1149   0.04468
     8/299     3.67G    0.0436   0.02418   0.03451    0.1023        25       640    0.4951     0.358    0.1089   0.06524   0.06039    0.1113   0.04418
     9/299     3.67G    0.0392   0.02432   0.03491   0.09843        14       640    0.5256    0.3591   0.09359   0.04685   0.06484    0.1005   0.04455
    10/299     3.67G   0.04205   0.02211   0.03436   0.09853        24       640    0.4829    0.3968    0.1134   0.06506   0.07022   0.09067   0.04511
    11/299     3.67G   0.03817   0.02276   0.03425   0.09518        26       640    0.5583     0.368    0.1246   0.06554   0.07172   0.07624   0.04541
    12/299     3.67G    0.0395   0.02207   0.03424   0.09581        22       640    0.5593    0.4221    0.1292   0.08012   0.06891   0.07838    0.0453
    13/299     3.67G   0.03444   0.02218   0.03402   0.09064        31       640    0.5659    0.3741    0.1318   0.08062    0.0716   0.07896   0.04523
    14/299     3.67G   0.03512   0.02254   0.03407   0.09173         7       640    0.5641    0.3871    0.1336   0.06962   0.06709   0.07255   0.04612
    15/299     3.67G   0.03234   0.02406   0.03414   0.09054        27       640    0.5469    0.3802    0.1424   0.07121   0.06636   0.07404   0.04588
    16/299     3.67G   0.03113   0.02411   0.03442   0.08965        18       640    0.5565    0.4213    0.1331   0.08191   0.06258   0.06694   0.04611
    17/299     3.67G   0.02913   0.02372   0.03476   0.08761        19       640   0.07599    0.3198   0.09239    0.0604   0.05869   0.06184    0.0457
    18/299     3.67G   0.02962   0.02518   0.03426   0.08906        28       640   0.05979    0.4598   0.09186   0.05797     0.054   0.06208   0.04484
    19/299     3.67G    0.0285    0.0281   0.03404   0.09064        13       640    0.1507    0.4816    0.1007   0.06363   0.05355   0.04736   0.04397
    20/299     3.67G   0.02736   0.02663   0.03308   0.08707        30       640    0.3685    0.4451    0.1268   0.08576   0.04863   0.04641   0.04339
    21/299     3.67G   0.02702   0.02734   0.03272   0.08708        23       640    0.5357    0.3984    0.1103   0.07437   0.03962   0.04175   0.04341
    22/299     3.67G   0.02676   0.02881   0.03174   0.08731        22       640     0.331    0.5594   0.09615   0.06512   0.03878   0.03993   0.04345
    23/299     3.67G   0.02557   0.02705   0.03053   0.08315        25       640    0.5383    0.3591    0.1121    0.0814   0.03697   0.03795    0.0439
    24/299     3.67G    0.0263   0.02782   0.02969   0.08381        21       640    0.5485    0.4043    0.1303   0.09552   0.03927   0.03948   0.04455
    25/299     3.67G   0.02685   0.02767   0.02888    0.0834        14       640    0.5707    0.4149    0.1716    0.1329   0.03902   0.03911   0.04491
    26/299     3.67G   0.02671   0.02713   0.02894   0.08279        32       640    0.4859    0.4413    0.1647    0.1204   0.03782   0.04339   0.04544
    27/299     3.67G   0.02694   0.02645   0.02814   0.08153        30       640    0.5176    0.3786    0.1864    0.1412   0.03602   0.05009   0.04546
    28/299     3.67G   0.02546   0.02557     0.028   0.07902        38       640    0.5135    0.4841    0.1941    0.1499   0.03459   0.04851   0.04533
    29/299     3.67G   0.02695   0.02708    0.0273   0.08134        14       640    0.5148    0.4996    0.2025    0.1448     0.035   0.04692   0.04551
    30/299     3.67G    0.0266   0.02675   0.02663   0.07998        27       640    0.5076    0.5173    0.1868    0.1373   0.03554   0.04331   0.04594
    31/299     3.67G   0.02704   0.02663   0.02592   0.07959        17       640   0.09645    0.7213    0.2092    0.1514    0.0342   0.04857   0.04524
    32/299     3.67G    0.0254   0.02681   0.02565   0.07785         7       640     0.596    0.4573    0.2072    0.1608   0.03315   0.04874   0.04508
    33/299     3.85G   0.02588   0.02541   0.02507   0.07636        22       640    0.5929    0.4656    0.2217    0.1685   0.03189   0.05226   0.04532
    34/299     3.84G   0.02453   0.02508   0.02485   0.07447        49       640    0.6085    0.4898    0.2348    0.1787   0.03098   0.04749    0.0454
    35/299     3.85G   0.02436   0.02583   0.02446   0.07465        18       640    0.6104    0.4588    0.2332    0.1721   0.03096   0.04986   0.04524
    36/299     3.85G   0.02504   0.02488   0.02416   0.07408        17       640    0.6021    0.4679    0.2387     0.186   0.03144   0.04882   0.04577
    37/299     3.85G   0.02411   0.02496    0.0238   0.07288        24       640    0.5452     0.461    0.2451    0.1794    0.0314   0.04964    0.0453
    38/299     3.85G   0.02417   0.02516   0.02369   0.07302        15       640    0.6165    0.4067    0.2537    0.1946   0.03209   0.04638   0.04565
    39/299     3.85G   0.02512   0.02457   0.02358   0.07327        23       640    0.6146    0.4367    0.2444    0.1864   0.03026   0.04779    0.0457
    40/299     3.85G   0.02337   0.02525   0.02334   0.07197        37       640    0.6307    0.3784    0.2469    0.1804   0.03132    0.0547   0.04503
    41/299     3.85G   0.02217   0.02496   0.02309   0.07022        22       640    0.6207    0.4195    0.2438    0.1832    0.0311   0.04769     0.046
    42/299     3.85G   0.02379   0.02362   0.02314   0.07055        39       640    0.6268    0.4532    0.2572    0.2047   0.02862   0.04902   0.04493
    43/299     3.85G   0.02333   0.02412   0.02285   0.07029        30       640    0.6315    0.3481    0.2461    0.1918   0.02975   0.04772   0.04577
    44/299     3.85G   0.02379   0.02453   0.02251   0.07084        18       640    0.6319    0.3709    0.2534     0.199   0.02844   0.05519   0.04489
    45/299     3.85G   0.02242   0.02429   0.02252   0.06923         9       640    0.6402    0.3777    0.2652    0.2117   0.02787   0.04828   0.04498
    46/299     3.85G   0.02147   0.02409   0.02202   0.06758        15       640    0.6263    0.3655    0.2618     0.207   0.02886   0.05392   0.04501
    47/299     3.85G   0.02365   0.02424   0.02192   0.06981         7       640    0.6425    0.3945    0.2767    0.2121   0.02935   0.05351   0.04455
    48/299     3.85G   0.02265   0.02511   0.02198   0.06974         7       640    0.6226    0.4503    0.2684    0.2029    0.0306   0.04921   0.04554
    49/299     3.85G   0.02288   0.02454   0.02172   0.06913        18       640    0.6593    0.3571    0.2826    0.2208   0.02868   0.05255    0.0443
    50/299     3.85G   0.02144   0.02434   0.02151   0.06729        10       640    0.5592    0.4027    0.2456    0.1991   0.03003   0.06067   0.04557
    51/299     3.85G    0.0226   0.02417   0.02146   0.06824        29       640    0.6393    0.4099    0.2841    0.2244    0.0288   0.05696   0.04441
    52/299     3.85G   0.02198   0.02512   0.02132   0.06842        19       640    0.5661    0.3864    0.2631    0.2106   0.02788   0.05717   0.04453
    53/299     3.85G   0.02223   0.02341   0.02108   0.06673        17       640    0.6491    0.3823    0.2972    0.2369   0.02791   0.05379    0.0441
    54/299     3.85G   0.02159   0.02381   0.02081    0.0662        26       640    0.6388    0.3576     0.299    0.2359   0.02917   0.04778   0.04463
    55/299     3.85G   0.02099   0.02421   0.02064   0.06584        41       640    0.6406    0.3637    0.3056    0.2512   0.02726   0.05216   0.04403
    56/299     3.85G   0.02062   0.02305   0.02055   0.06422         9       640    0.5786    0.3853    0.2685    0.2166   0.02748   0.06108    0.0442
    57/299     3.85G   0.01995   0.02406   0.02021   0.06423        21       640    0.6568    0.3633    0.2884    0.2275   0.02915   0.06714   0.04382
    58/299     3.85G   0.02273   0.02449    0.0201   0.06732        14       640    0.6551    0.3551    0.3002    0.2439   0.02723   0.05121   0.04422
    59/299     3.85G   0.02196   0.02387   0.01979   0.06562        36       640    0.6532    0.3835    0.3151    0.2417   0.03054   0.05491   0.04341
    60/299     3.85G   0.02044   0.02425   0.01964   0.06433        31       640    0.6747    0.3442    0.3125    0.2567   0.02662   0.04698   0.04394
    61/299     3.85G   0.02014   0.02292   0.01921   0.06227        46       640    0.5871    0.4117     0.308    0.2413   0.02892   0.05704   0.04325
    62/299     3.85G   0.02158   0.02437   0.01899   0.06494        42       640    0.5124    0.4305    0.2817      0.22   0.02886   0.04682   0.04637
    63/299     3.85G   0.02023   0.02393   0.01901   0.06317        29       640    0.6816    0.3423    0.3295    0.2709   0.02636   0.04537   0.04383
    64/299     3.85G   0.02076   0.02429   0.01876    0.0638        27       640    0.5351    0.4757    0.3371    0.2776   0.02671   0.04955   0.04269
    65/299     3.85G   0.02104   0.02454   0.01872    0.0643        12       640    0.6039    0.3891    0.3565    0.2895   0.02753   0.05037    0.0424
    66/299     3.85G   0.01944   0.02391   0.01814   0.06149        31       640    0.6691    0.3415    0.3536    0.2898   0.02656   0.04718   0.04308
    67/299     3.85G   0.01956   0.02424   0.01785   0.06166         8       640    0.5818    0.4259    0.3308    0.2666   0.02753   0.05347   0.04288
    68/299     3.85G   0.01968   0.02381   0.01771    0.0612        35       640    0.6017    0.4495    0.3541    0.2862   0.02689   0.04676   0.04284
    69/299     3.85G   0.01979   0.02438   0.01767   0.06184        28       640    0.4774    0.5142    0.3694    0.3016   0.02695   0.05125    0.0432
    70/299     3.85G   0.01936   0.02407   0.01745   0.06088        18       640    0.3529    0.6677    0.3769    0.3007   0.02818   0.05098   0.04313
    71/299     3.85G   0.02048    0.0242   0.01712   0.06181        15       640    0.5573    0.4644    0.3774    0.2997    0.0271   0.04339   0.04369
    72/299     3.85G   0.02078   0.02432   0.01702   0.06211        17       640    0.5394    0.4837    0.3895    0.3118   0.02707   0.04942   0.04328
    73/299     3.85G   0.02095   0.02418   0.01678   0.06191        27       640    0.2226     0.739    0.3984    0.3199   0.02753   0.04782   0.04315
    74/299     3.85G   0.02149    0.0235   0.01727   0.06227        36       640    0.5605    0.5237    0.4096    0.3306   0.02752   0.04572   0.04354
    75/299     3.85G   0.01979   0.02383   0.01671   0.06033        27       640    0.2678    0.7175     0.397    0.3203    0.0268   0.04939   0.04389
    76/299     3.85G   0.01931   0.02448   0.01634   0.06013        12       640      0.59    0.5095    0.4303    0.3553   0.02573   0.04406   0.04353
    77/299     3.85G   0.01888   0.02359    0.0162   0.05867        11       640    0.2363    0.7743    0.4413    0.3654   0.02571   0.04793   0.04333
    78/299     3.85G   0.01915   0.02434   0.01621    0.0597        13       640    0.3106    0.7002     0.423    0.3382   0.02683    0.0459   0.04326
    79/299     3.85G   0.01968   0.02407   0.01601   0.05976         8       640    0.2911    0.7176    0.4392    0.3566   0.02635   0.05177   0.04396
    80/299     3.85G   0.02007   0.02366   0.01601   0.05974        25       640    0.2541    0.7484    0.4296    0.3547   0.02627   0.05337   0.04403
    81/299     3.85G   0.01929    0.0241   0.01543   0.05882        19       640    0.3718    0.6724    0.4534    0.3733   0.02569   0.04766   0.04349
    82/299     3.85G   0.01823   0.02315   0.01521   0.05658        36       640    0.3363    0.6961    0.4617    0.3694   0.02682   0.04774   0.04343
    83/299     3.85G     0.019   0.02379   0.01497   0.05775        19       640    0.3717     0.681    0.4686    0.3763   0.02679   0.04875   0.04362
    84/299     3.85G   0.01955   0.02244   0.01524   0.05724        13       640    0.3967    0.6728    0.4687    0.3825   0.02637   0.05102   0.04345
    85/299     3.85G   0.01904   0.02387   0.01506   0.05797        45       640    0.3825    0.7324    0.4845    0.3951   0.02575     0.049   0.04306
    86/299     3.85G   0.01948   0.02256   0.01474   0.05678        27       640    0.3505    0.7204    0.4841    0.3869   0.02678   0.05026   0.04327
    87/299     3.85G   0.01897   0.02358   0.01472   0.05727        36       640       0.4     0.589    0.4773    0.3936   0.02586   0.05045     0.043
    88/299     3.85G    0.0191   0.02423   0.01465   0.05798        26       640    0.4165    0.6194    0.5034    0.4076   0.02584   0.05041   0.04346
    89/299     3.85G    0.0183     0.023   0.01455   0.05586        15       640    0.5159    0.5699    0.5181    0.4323   0.02515   0.04898   0.04275
    90/299     3.85G   0.01778   0.02239   0.01435   0.05452        37       640    0.4523    0.6442    0.5232    0.4342   0.02567   0.05102   0.04302
    91/299     3.85G    0.0181   0.02362   0.01439   0.05611        22       640    0.4614    0.6673    0.5426     0.448   0.02559   0.04901   0.04265
    92/299     3.85G   0.01739   0.02344   0.01377    0.0546        18       640    0.4396    0.6646    0.5275    0.4372   0.02536   0.04938   0.04304
    93/299     3.85G   0.01871   0.02309    0.0139   0.05571         8       640    0.4525    0.6246    0.5181    0.4299   0.02556   0.05183   0.04278
    94/299     3.85G   0.01751   0.02227   0.01407   0.05385        25       640    0.4148    0.6949    0.5346    0.4378   0.02586   0.04699   0.04306
    95/299     3.85G   0.01896   0.02343   0.01329   0.05568        14       640    0.3873     0.782     0.552     0.455   0.02537   0.05041   0.04228
    96/299     3.85G   0.01755   0.02187   0.01354   0.05297        23       640    0.3807    0.7603    0.5546    0.4574   0.02533   0.05088   0.04236
    97/299     3.85G   0.01741   0.02267     0.013   0.05308        14       640    0.4103    0.7232    0.5604     0.468   0.02502   0.04944   0.04212
    98/299     3.85G   0.01759   0.02206   0.01274   0.05239        20       640    0.4454    0.7066    0.5609     0.471   0.02512   0.04724   0.04251
    99/299     3.85G   0.01675   0.02262   0.01284   0.05221        27       640    0.4738    0.6732    0.5735     0.479   0.02501   0.04749   0.04217
   100/299     3.85G   0.01846   0.02306   0.01254   0.05406        12       640    0.4287    0.7541     0.581    0.4813    0.0256   0.05043   0.04215
   101/299     3.85G   0.01897    0.0218   0.01253   0.05331        36       640    0.5198    0.6436    0.5671    0.4728   0.02519   0.05147   0.04195
   102/299     3.85G   0.01741   0.02295   0.01249   0.05285        16       640    0.5182    0.6698    0.5867    0.4889   0.02494   0.04844   0.04282
   103/299     3.85G   0.01645   0.02135   0.01196   0.04976        15       640    0.4575    0.7508    0.5912    0.4961   0.02505   0.05191   0.04221
   104/299     3.85G   0.01752   0.02197   0.01217   0.05167        19       640    0.4582    0.7536     0.595    0.4895   0.02553   0.04861   0.04238
   105/299     3.85G   0.01686   0.02202   0.01238   0.05125        18       640    0.5019    0.6688    0.5805    0.4809   0.02495   0.04635   0.04218
   106/299     3.85G   0.01829   0.02207   0.01169   0.05205        45       640    0.4904    0.7165    0.6002    0.4947   0.02553   0.04928   0.04157
   107/299     3.85G   0.01744   0.02189   0.01179   0.05112        24       640    0.5168    0.7317    0.6168    0.5164   0.02486   0.04843   0.04275
   108/299     3.85G   0.01749   0.02107   0.01173   0.05029        39       640    0.5437     0.723     0.641    0.5285   0.02543   0.04998   0.04215
   109/299     3.85G   0.01718   0.02115   0.01176    0.0501        12       640    0.5117     0.756    0.6276    0.5151   0.02575   0.05128   0.04161
   110/299     3.85G   0.01697   0.02229   0.01128   0.05054         8       640    0.5316    0.6917    0.6193    0.5203   0.02488   0.04963   0.04144
   111/299     3.85G    0.0173   0.02164   0.01164   0.05057        11       640    0.5049    0.7675    0.6228     0.517   0.02512   0.05112   0.04158
   112/299     3.85G   0.01699    0.0216    0.0115   0.05009        36       640    0.5795    0.7295    0.6452    0.5368   0.02484   0.05052   0.04136
   113/299     3.85G   0.01619   0.02107    0.0111   0.04835        40       640     0.497    0.8104    0.6605    0.5504   0.02476   0.05167   0.04118
   114/299     3.85G   0.01705   0.02186   0.01092   0.04983        17       640    0.6297    0.7186    0.6534    0.5496   0.02463   0.04795   0.04153
   115/299     3.85G   0.01677   0.02118   0.01041   0.04836        32       640    0.5694    0.7338    0.6661    0.5609   0.02473   0.04999   0.04164
   116/299     3.85G   0.01626   0.02127    0.0107   0.04824        41       640    0.6597    0.6681     0.664    0.5488    0.0254   0.04907   0.04115
   117/299     3.85G   0.01727   0.02128   0.01062   0.04917        32       640     0.555    0.7694    0.6684    0.5611   0.02485   0.04871   0.04115
   118/299     3.85G   0.01774    0.0219   0.01033   0.04997        24       640    0.5682    0.7285    0.6707    0.5555   0.02493   0.04941   0.04161
   119/299     3.85G   0.01682   0.02188   0.01024   0.04894        26       640    0.5529    0.8018    0.6954    0.5738   0.02484   0.04789   0.04145
   120/299     3.85G   0.01617   0.02277   0.01069   0.04963        28       640    0.6139    0.7443    0.6913    0.5772   0.02469   0.04965   0.04045
   121/299     3.85G   0.01607   0.02192   0.01036   0.04834        20       640    0.5577     0.764    0.6889    0.5759   0.02477   0.04988   0.04042
   122/299     3.85G   0.01578   0.02083   0.01025   0.04686        16       640    0.5365    0.7766    0.6921    0.5834   0.02445   0.04893   0.04115
   123/299     3.85G   0.01591   0.02104   0.01007   0.04702        37       640    0.5682    0.7588    0.7009    0.5892   0.02445   0.04936   0.04056
   124/299     3.85G    0.0166   0.02114  0.009641   0.04738        29       640    0.6505    0.7588    0.7089    0.5977   0.02452   0.05009   0.04073
   125/299     3.85G   0.01675   0.02174  0.009642   0.04813        27       640    0.5848    0.7469    0.6995    0.5923   0.02455   0.04956    0.0406
   126/299     3.85G   0.01585   0.02146  0.009667   0.04699        21       640    0.5569    0.7852    0.6993     0.592   0.02431   0.04963   0.04068
   127/299     3.85G   0.01722   0.02092  0.009278   0.04741        64       640    0.5647    0.8056    0.7152    0.5993   0.02455   0.05069   0.04055
   128/299     3.85G   0.01534   0.02044  0.009519    0.0453        21       640    0.5805    0.7535    0.7148    0.6024    0.0245   0.05037   0.04076
   129/299     3.85G   0.01529   0.02132  0.009443   0.04605        28       640    0.5957    0.7502    0.7145    0.6034   0.02423   0.04985    0.0404
   130/299     3.85G   0.01583    0.0203  0.009199   0.04533        48       640    0.6601    0.7098    0.6879    0.5792    0.0245   0.04989   0.04068
   131/299     3.85G   0.01639   0.02101  0.009375   0.04677        13       640     0.595    0.7568    0.7198    0.6038   0.02462   0.04794   0.04142
   132/299     3.85G   0.01646   0.02114  0.009076   0.04667        24       640    0.6749    0.7647    0.7298    0.6127   0.02445   0.04998   0.04024
   133/299     3.85G   0.01607     0.021  0.008956   0.04603        47       640    0.5746    0.8263    0.7375    0.6231   0.02433   0.05117   0.04059
   134/299     3.85G   0.01575   0.02149  0.008822   0.04606        14       640     0.598    0.7552    0.7386    0.6274   0.02413   0.05203   0.04079
   135/299     3.85G    0.0155   0.02153  0.008982   0.04601        12       640    0.5511    0.8176    0.7239    0.6136   0.02419   0.04955   0.04065
   136/299     3.85G   0.01582    0.0203  0.008826   0.04495        12       640    0.5646     0.849    0.7346    0.6244   0.02419   0.04975   0.04136
   137/299     3.85G   0.01583   0.02094  0.008616   0.04539         8       640    0.6779    0.7714    0.7441    0.6295   0.02459   0.05201   0.04046
   138/299     3.85G   0.01567   0.02089  0.008899   0.04546        13       640     0.694    0.7717    0.7425    0.6274   0.02432   0.05216   0.04081
   139/299     3.85G   0.01561   0.02046  0.008664   0.04473        29       640    0.7237     0.743     0.754    0.6396   0.02431    0.0506   0.04086
   140/299     3.85G   0.01553   0.02095  0.008756   0.04524        24       640    0.6496     0.768    0.7404     0.625   0.02427   0.05054   0.04093
   141/299     3.85G   0.01459   0.02057  0.008313   0.04348        20       640     0.629    0.7629    0.7469    0.6333   0.02415   0.05166   0.04124
   142/299     3.85G   0.01508   0.02046  0.008179   0.04372        28       640    0.6839    0.7242    0.7179    0.6076   0.02408   0.05022   0.04118
   143/299     3.85G   0.01541    0.0204  0.008518   0.04432        39       640     0.667    0.7824     0.745    0.6322   0.02428   0.05061   0.04069
   144/299     3.85G   0.01561   0.02014  0.008348   0.04409        16       640    0.6879    0.7681     0.755    0.6419   0.02417   0.05228   0.04052
   145/299     3.85G   0.01521   0.02023  0.007863    0.0433        35       640    0.6198    0.7413    0.7469    0.6306   0.02454   0.05055    0.0414
   146/299     3.85G   0.01461   0.02044   0.00797   0.04303        14       640    0.7333    0.7484    0.7547    0.6437   0.02398   0.05194     0.041
   147/299     3.85G    0.0145   0.01995  0.008085   0.04253        37       640    0.7205    0.7457    0.7657    0.6498   0.02408    0.0531   0.04115
   148/299     3.85G   0.01546   0.02038  0.007994   0.04383        10       640    0.6983    0.7576    0.7682    0.6556     0.024   0.05036    0.0411
   149/299     3.85G   0.01515    0.0201  0.007893   0.04314        38       640     0.619      0.78    0.7712    0.6542    0.0241   0.05184   0.04048
   150/299     3.85G   0.01507   0.02023  0.007825   0.04313        21       640    0.6026    0.8427    0.7618    0.6505   0.02404   0.05195   0.04064
   151/299     3.85G   0.01476   0.01971  0.007734    0.0422        28       640    0.7111    0.7534    0.7652    0.6514   0.02403   0.05176   0.04111
   152/299     3.85G   0.01432    0.0196  0.007858   0.04177         9       640    0.6776    0.7715    0.7484     0.637   0.02413   0.05097   0.04096
   153/299     3.85G   0.01507   0.01923  0.007558   0.04186        40       640    0.7265    0.7685    0.7651    0.6545   0.02391   0.05294   0.04108
   154/299     3.85G   0.01518   0.02046  0.007665   0.04331        20       640    0.7015    0.7641     0.777    0.6648   0.02398   0.05167   0.04063
   155/299     3.85G   0.01398   0.01931  0.007398    0.0407        12       640    0.6674    0.7695    0.7819     0.668   0.02396   0.05233   0.04081
   156/299     3.85G   0.01479   0.02083  0.007389   0.04301        21       640    0.6735    0.7517    0.7802    0.6665   0.02414   0.05357   0.04063
   157/299     3.85G   0.01406   0.01973  0.007289   0.04108        10       640    0.6478     0.771     0.773    0.6648   0.02391   0.05467   0.04073
   158/299     3.85G    0.0145    0.0199  0.007253   0.04165        24       640    0.7248    0.7467    0.7772    0.6627   0.02399   0.05098   0.04063
   159/299     3.85G   0.01437   0.01989  0.007334   0.04159        22       640    0.6743    0.7494    0.7844    0.6694   0.02396   0.05174   0.04069
   160/299     3.85G   0.01349   0.01923  0.007397   0.04011        18       640    0.6975    0.7725    0.7775    0.6646   0.02385   0.05247   0.04147
   161/299     3.85G   0.01355   0.01903  0.007409   0.03999        37       640     0.722    0.7823    0.7864    0.6715   0.02383   0.05374   0.04068
   162/299     3.85G   0.01335   0.02005    0.0071   0.04049        23       640    0.7255    0.7667    0.7841    0.6694   0.02395   0.05445   0.04059
   163/299     3.85G   0.01443   0.01998  0.006978   0.04139        17       640    0.7387    0.7781    0.7969    0.6807    0.0239   0.05443   0.04084
   164/299     3.85G   0.01357    0.0194  0.007003   0.03997        40       640    0.6266    0.8515    0.7897    0.6824   0.02367   0.05402   0.04094
   165/299     3.85G   0.01341   0.01932  0.007088   0.03982        41       640    0.7317    0.7824    0.7942    0.6836   0.02367   0.05274   0.04109
   166/299     3.85G   0.01389   0.01984  0.006864    0.0406         9       640    0.6701    0.7467    0.7791    0.6665   0.02376   0.05432   0.04081
   167/299     3.85G   0.01362   0.01945   0.00698   0.04005        11       640    0.7101    0.7346    0.7795    0.6693   0.02369   0.05375   0.04121
   168/299     3.85G    0.0131   0.01979  0.007004   0.03989        17       640    0.6441    0.7959    0.7869    0.6731   0.02385    0.0557   0.04122
   169/299     3.85G    0.0134   0.01843  0.006631   0.03846        15       640    0.6643    0.8097    0.7893    0.6793   0.02369   0.05571   0.04085
   170/299     3.85G   0.01385   0.01977  0.006649   0.04028        30       640    0.6681    0.8238    0.7817    0.6725    0.0237   0.05367   0.04096
   171/299     3.85G   0.01346   0.01811  0.006426   0.03799        49       640    0.6883    0.8096    0.7925    0.6803   0.02373   0.05678   0.04203
   172/299     3.85G   0.01357   0.01842  0.006443   0.03843        55       640    0.6696     0.835    0.7893    0.6789   0.02367   0.05683   0.04118
   173/299     3.85G   0.01293   0.01901  0.006516   0.03846        18       640    0.6709    0.8253    0.8008    0.6904   0.02367   0.05717   0.04091
   174/299     3.85G   0.01316   0.01815  0.006555   0.03786        24       640    0.6763    0.8053    0.7999      0.69   0.02358     0.054   0.04128
   175/299     3.85G   0.01313   0.01857  0.006288   0.03799        39       640    0.7025    0.7892     0.793    0.6831   0.02364   0.05518   0.04153
   176/299     3.85G   0.01384   0.01872  0.006439     0.039        35       640    0.7033    0.7868     0.791     0.682    0.0236   0.05563   0.04135
   177/299     3.85G   0.01342   0.01909  0.006253   0.03877        24       640    0.6616    0.8235    0.7961    0.6856   0.02359   0.05565   0.04099
   178/299     3.85G   0.01315   0.01875  0.006199    0.0381        19       640    0.6596    0.8239    0.7927    0.6834   0.02356   0.05545   0.04136
   179/299     3.85G   0.01343   0.01875  0.006109   0.03828        52       640    0.6934    0.8073    0.8011    0.6922   0.02369   0.05665   0.04112
   180/299     3.85G   0.01268    0.0183  0.006261   0.03724        30       640    0.6906    0.8299    0.8003    0.6929   0.02359     0.056    0.0415
   181/299     3.85G   0.01287   0.01822  0.005969   0.03707         5       640    0.6767    0.8356     0.806    0.6955   0.02361   0.05888   0.04125
   182/299     3.85G   0.01278   0.01814  0.006215   0.03714        13       640    0.6561    0.8441    0.8039    0.6906   0.02352   0.05437   0.04152
   183/299     3.85G   0.01249   0.01853   0.00593   0.03695        23       640    0.6956      0.83    0.8019    0.6938   0.02356   0.05835   0.04172
   184/299     3.85G   0.01306   0.01898  0.006007   0.03805        50       640    0.6887    0.8388    0.8071    0.6937   0.02364   0.05641   0.04092
   185/299     3.85G     0.013   0.01753  0.005917   0.03645        32       640    0.6821    0.8293    0.8052    0.6949   0.02368   0.05803   0.04207
   186/299     3.85G    0.0129   0.01773  0.005994   0.03663        12       640    0.7065    0.8134    0.8054    0.6971   0.02351   0.05629   0.04138
   187/299     3.85G    0.0127    0.0183  0.005913   0.03691         8       640    0.6933    0.8228    0.8101    0.6985   0.02351   0.05711   0.04148
   188/299     3.85G   0.01261    0.0179  0.005865   0.03638        22       640     0.705    0.8215    0.8055    0.6983   0.02353   0.05779   0.04178
   189/299     3.85G   0.01248   0.01767   0.00581   0.03596        21       640    0.6861    0.8576    0.8086    0.6979   0.02354   0.05863   0.04124
   190/299     3.85G   0.01217   0.01764  0.005577   0.03539        36       640    0.6993    0.8418    0.8047    0.6936    0.0235   0.05863   0.04165
   191/299     3.85G   0.01237   0.01786  0.005649   0.03589        14       640    0.6852    0.8351    0.8059    0.6957   0.02351   0.05677   0.04141
   192/299     3.85G   0.01215   0.01791  0.005618   0.03569        40       640    0.6799    0.8475     0.808    0.7007    0.0235   0.05658    0.0422
   193/299     3.85G   0.01201   0.01726  0.005582   0.03485        10       640    0.6781    0.8505    0.8045    0.6968   0.02353   0.06061   0.04153
   194/299     3.85G   0.01225   0.01731  0.005423   0.03498         6       640    0.6925    0.8229    0.8025     0.692    0.0235   0.05916   0.04178
   195/299     3.85G   0.01221   0.01752  0.005344   0.03507        39       640    0.6751    0.8597    0.8104    0.6997   0.02343   0.05686   0.04211
   196/299     3.85G   0.01217   0.01757  0.005353   0.03509        12       640     0.704     0.833    0.8098    0.6994   0.02336   0.05931   0.04158
   197/299     3.85G   0.01207   0.01748  0.005493   0.03504        29       640    0.6951     0.866    0.8183    0.7082    0.0234   0.05975    0.0417
   198/299     3.85G   0.01227   0.01724  0.005214   0.03472        33       640     0.671    0.8686    0.8165    0.7049   0.02344   0.05846   0.04151
   199/299     3.85G   0.01194   0.01695  0.005185   0.03408         6       640    0.6869    0.8276    0.8111    0.6985   0.02343   0.05993   0.04202
   200/299     3.85G   0.01175   0.01693  0.005383   0.03407        24       640    0.6725    0.8756    0.8196    0.7041   0.02348   0.06021   0.04182
   201/299     3.85G   0.01188    0.0173  0.005443   0.03462        55       640    0.7227     0.809    0.8248    0.7121   0.02347   0.06093   0.04158
   202/299     3.85G   0.01254   0.01795  0.005245   0.03574        25       640    0.7227     0.825    0.8219    0.7113   0.02341   0.06157   0.04195
   203/299     3.85G    0.0119   0.01633  0.005357   0.03359        17       640    0.7135    0.8679    0.8211    0.7094   0.02348   0.06021   0.04195
   204/299     3.85G   0.01184   0.01701  0.005247   0.03409        26       640    0.6908    0.8518    0.8207    0.7079   0.02337   0.05954   0.04201
   205/299     3.85G   0.01193   0.01698  0.005318   0.03423        50       640    0.6762    0.8542    0.8134    0.7037   0.02334   0.06005   0.04204
   206/299     3.85G   0.01181   0.01734  0.005315   0.03447        16       640    0.6917    0.8329    0.8129    0.7044   0.02331   0.06068   0.04201
   207/299     3.85G   0.01179    0.0172  0.005199   0.03419        29       640    0.6867    0.8447    0.8132    0.7045   0.02332   0.06059   0.04228
   208/299     3.85G   0.01181   0.01667  0.005057   0.03354        24       640    0.6669    0.8459    0.8188     0.711   0.02337   0.06019   0.04207
   209/299     3.85G   0.01164   0.01717  0.005176   0.03398        24       640    0.6818    0.8636    0.8185    0.7088   0.02341   0.06157   0.04172
   210/299     3.85G   0.01165   0.01643  0.005103   0.03318        35       640    0.6934     0.847    0.8143    0.7035   0.02348   0.06221   0.04234
   211/299     3.85G   0.01154   0.01633  0.004939   0.03281        10       640    0.6935    0.8214    0.8134    0.7033   0.02342   0.06183   0.04209
   212/299     3.85G   0.01161   0.01624  0.004996   0.03284        37       640    0.6983     0.833    0.8242    0.7152   0.02343    0.0629   0.04278
   213/299     3.85G   0.01158   0.01672  0.005008   0.03331        23       640    0.6791    0.8635    0.8179     0.708    0.0235   0.06465   0.04175
   214/299     3.85G   0.01156   0.01625  0.004992    0.0328        10       640    0.7049    0.8246    0.8212    0.7107   0.02338    0.0617   0.04252
   215/299     3.85G   0.01154   0.01613  0.004955   0.03262        23       640    0.7176    0.8325    0.8302    0.7187   0.02333   0.06152   0.04213
   216/299     3.85G   0.01159   0.01612  0.004968   0.03268        26       640    0.6783    0.8699    0.8336    0.7222   0.02337   0.06255   0.04195
   217/299     3.85G   0.01154   0.01618  0.004747   0.03247        10       640    0.6915    0.8672    0.8229    0.7112   0.02333   0.06216   0.04194
   218/299     3.85G   0.01158   0.01681  0.004707    0.0331        38       640    0.7076    0.8384    0.8218    0.7087   0.02336   0.06294   0.04202
   219/299     3.85G   0.01138   0.01679  0.004702   0.03287        10       640       0.7    0.8405    0.8159    0.7083   0.02328   0.06174   0.04202
   220/299     3.85G   0.01149   0.01607  0.004637    0.0322        10       640    0.7118    0.8338    0.8215    0.7127   0.02328   0.06449   0.04256
   221/299     3.85G   0.01134   0.01581  0.004643    0.0318        38       640    0.7133    0.8566    0.8232    0.7162   0.02332   0.06443   0.04226
   222/299     3.85G   0.01144   0.01596  0.004486   0.03189        44       640    0.7083    0.8658    0.8312    0.7195   0.02335   0.06538   0.04291
   223/299     3.85G   0.01165   0.01611   0.00456   0.03232        21       640    0.7345    0.8386    0.8372    0.7282   0.02328   0.06406   0.04238
   224/299     3.85G    0.0115   0.01669  0.004757   0.03295        22       640     0.724    0.8311    0.8293    0.7202   0.02324   0.06229   0.04233
   225/299     3.85G   0.01141   0.01605  0.004693   0.03216        12       640    0.7093    0.8478    0.8293    0.7171   0.02329   0.06365   0.04251
   226/299     3.85G   0.01134   0.01589  0.004567   0.03181        21       640    0.7007    0.8438    0.8259    0.7191   0.02331   0.06479   0.04278
   227/299     3.85G   0.01133   0.01644  0.004485   0.03226        44       640    0.6768    0.8776    0.8272    0.7166    0.0233   0.06294   0.04305
   228/299     3.85G   0.01144   0.01606   0.00455   0.03205        20       640    0.7116    0.8453    0.8316    0.7231   0.02329   0.06381   0.04274
   229/299     3.85G   0.01133    0.0163  0.004552   0.03219        22       640    0.7065    0.8558    0.8305    0.7201   0.02325   0.06497   0.04235
   230/299     3.85G    0.0112   0.01546  0.004325   0.03098        30       640    0.7202    0.8397    0.8325    0.7244   0.02327   0.06525    0.0425
   231/299     3.85G   0.01131   0.01543  0.004556   0.03129        39       640    0.7404     0.829    0.8374    0.7263   0.02328   0.06553    0.0425
   232/299     3.85G   0.01126   0.01549  0.004282   0.03103        17       640    0.7222    0.8397    0.8386    0.7293   0.02332   0.06497   0.04257
   233/299     3.85G   0.01111   0.01534  0.004426   0.03087        18       640    0.7461    0.8185    0.8419    0.7286   0.02326   0.06513   0.04277
   234/299     3.85G   0.01118   0.01532  0.004302    0.0308        11       640    0.7429    0.8372     0.843    0.7316   0.02328   0.06638   0.04286
   235/299     3.85G   0.01127    0.0157  0.004415   0.03138        18       640    0.7366    0.8309    0.8349    0.7235   0.02327   0.06672   0.04263
   236/299     3.85G   0.01118   0.01512  0.004323   0.03062         9       640    0.7125    0.8596    0.8333    0.7257   0.02321   0.06623    0.0429
   237/299     3.85G   0.01122   0.01547    0.0043     0.031        12       640    0.7192    0.8655    0.8392    0.7305   0.02322   0.06628   0.04253
   238/299     3.85G    0.0112   0.01559   0.00412   0.03091        24       640    0.7104    0.8609    0.8409    0.7339   0.02319   0.06623   0.04257
   239/299     3.85G   0.01118   0.01535   0.00428   0.03082        25       640    0.7369    0.8161    0.8418    0.7329    0.0232   0.06535    0.0427
   240/299     3.85G   0.01112   0.01592  0.004149   0.03119        39       640     0.729    0.8319    0.8382     0.731   0.02323   0.06774   0.04282
   241/299     3.85G   0.01115   0.01506  0.004308   0.03052        19       640    0.7172    0.8292    0.8361    0.7288   0.02319   0.06686   0.04307
   242/299     3.85G   0.01117   0.01487  0.004222   0.03026        18       640    0.7183    0.8357    0.8421    0.7337   0.02322   0.06686    0.0431
   243/299     3.85G   0.01099   0.01526  0.003954    0.0302        15       640     0.715    0.8515    0.8431    0.7346   0.02326   0.06833   0.04326
   244/299     3.85G   0.01113   0.01512  0.004158   0.03042        34       640     0.746    0.8042    0.8391    0.7316   0.02325   0.06937   0.04282
   245/299     3.85G   0.01112   0.01543  0.004174   0.03073        36       640    0.7215    0.8493     0.836    0.7294    0.0232    0.0668   0.04288
   246/299     3.85G   0.01093   0.01561  0.003979   0.03052        64       640    0.7184    0.8447    0.8371    0.7269   0.02323    0.0669   0.04323
   247/299     3.85G   0.01114   0.01463   0.00407   0.02984        15       640    0.6909    0.8565    0.8369    0.7288    0.0232   0.06787   0.04331
   248/299     3.85G   0.01117   0.01481  0.004068   0.03005        42       640    0.7089    0.8424     0.833    0.7241   0.02324   0.06809   0.04284
   249/299     3.85G   0.01102   0.01511  0.003946   0.03008        12       640    0.7217    0.8516    0.8356    0.7277   0.02326   0.06989   0.04329
   250/299     3.85G   0.01112   0.01425  0.004056   0.02943        30       640    0.7188    0.8433    0.8343    0.7274   0.02325   0.06967   0.04333
   251/299     3.85G   0.01115   0.01473  0.004055   0.02993        35       640    0.7489    0.8131    0.8449    0.7365   0.02325   0.06863    0.0433
   252/299     3.85G     0.011   0.01511  0.004068   0.03018        16       640     0.726    0.8339    0.8442    0.7341   0.02326   0.06859   0.04315
   253/299     3.85G   0.01096   0.01527   0.00397   0.03019        21       640    0.7376    0.8444    0.8394    0.7312   0.02319   0.06836   0.04331
   254/299     3.85G   0.01101   0.01462   0.00381   0.02945        61       640    0.7455    0.8246    0.8349     0.727   0.02314   0.06896   0.04328
   255/299     3.85G   0.01095   0.01483  0.003876   0.02966        12       640    0.7526    0.8224    0.8389    0.7299   0.02315   0.06838   0.04292
   256/299     3.85G   0.01103   0.01484  0.003815   0.02968        35       640    0.7435    0.8412    0.8395    0.7303   0.02321   0.06959   0.04347
   257/299     3.85G   0.01083   0.01406  0.003661   0.02855        32       640    0.7367    0.8351     0.839    0.7303   0.02319   0.07005   0.04344
   258/299     3.85G   0.01092   0.01468  0.003698    0.0293        28       640    0.7461     0.848    0.8497    0.7379   0.02316   0.06898   0.04318
   259/299     3.85G   0.01093   0.01497  0.003949   0.02985        31       640    0.7358    0.8245     0.841    0.7315   0.02315    0.0681   0.04345
   260/299     3.85G   0.01094   0.01528  0.003653   0.02987        21       640    0.7333    0.8461    0.8465     0.738   0.02317    0.0685   0.04327
   261/299     3.85G   0.01101    0.0149  0.003891    0.0298        24       640    0.7386    0.8452    0.8419    0.7366   0.02314   0.07028    0.0433
   262/299     3.85G   0.01091    0.0144  0.003564   0.02887        12       640     0.738    0.8325    0.8412    0.7327   0.02319   0.07161   0.04341
   263/299     3.85G   0.01099   0.01405  0.003744   0.02879        28       640    0.7399    0.8513    0.8491    0.7403   0.02319   0.07137   0.04347
   264/299     3.85G   0.01097   0.01483  0.003706   0.02951        20       640    0.7474    0.8345    0.8499    0.7423    0.0232   0.06957   0.04346
   265/299     3.85G   0.01093   0.01479  0.003721   0.02943        17       640    0.7469    0.8454    0.8515    0.7425   0.02318   0.07075   0.04342
   266/299     3.85G   0.01091   0.01463  0.003739   0.02928        26       640    0.7307     0.853    0.8476    0.7375   0.02318   0.07056   0.04346
   267/299     3.85G   0.01091   0.01446  0.003667   0.02904        17       640    0.7535    0.8283    0.8449     0.736   0.02314   0.06942   0.04337
   268/299     3.85G   0.01085   0.01481  0.003748   0.02941        24       640    0.7461     0.829    0.8445    0.7357   0.02314   0.06941   0.04313
   269/299     3.85G   0.01079   0.01435  0.003627   0.02877        27       640    0.7398    0.8303    0.8381    0.7317   0.02315    0.0702   0.04316
   270/299     3.85G   0.01089   0.01404  0.003586   0.02852        26       640    0.7369    0.8302    0.8387      0.73    0.0232   0.07207   0.04311
   271/299     3.85G   0.01076   0.01403  0.003636   0.02843        23       640    0.7518    0.8185    0.8441    0.7365   0.02319   0.07072   0.04284
   272/299     3.85G   0.01088   0.01414  0.003575    0.0286        20       640    0.7627    0.8175    0.8412    0.7334   0.02317   0.07035    0.0432
   273/299     3.85G   0.01074   0.01431  0.003375   0.02843        13       640    0.7602    0.8138    0.8417    0.7341   0.02319   0.07227   0.04326
   274/299     3.85G   0.01088   0.01424  0.003427   0.02854        23       640    0.7566    0.8198    0.8371    0.7296   0.02322   0.07355   0.04361
   275/299     3.85G   0.01087   0.01403  0.003619   0.02852        23       640     0.763    0.8228    0.8444    0.7373   0.02315   0.07094   0.04333
   276/299     3.85G   0.01095   0.01465  0.003657   0.02925        15       640    0.7548    0.8211    0.8454    0.7369   0.02313    0.0708   0.04323
   277/299     3.85G   0.01075   0.01417  0.003702   0.02862        37       640    0.7639     0.808    0.8454    0.7378   0.02313   0.07034   0.04281
   278/299     3.85G   0.01069   0.01345   0.00356    0.0277        32       640    0.7565    0.8134     0.844    0.7364   0.02312   0.07133   0.04325
   279/299     3.85G   0.01079   0.01398  0.003432    0.0282        38       640    0.7489    0.8294    0.8517    0.7445   0.02316   0.07367   0.04318
   280/299     3.85G   0.01073   0.01392  0.003503   0.02815        32       640    0.7375    0.8502    0.8524    0.7434   0.02316   0.07256   0.04316
   281/299     3.85G   0.01074   0.01391  0.003494   0.02815        15       640    0.7417    0.8213    0.8451    0.7355   0.02315   0.07168   0.04328
   282/299     3.85G   0.01084   0.01414  0.003498   0.02848        27       640    0.7587    0.8253    0.8462    0.7375   0.02313   0.07149     0.043
   283/299     3.85G   0.01074   0.01421   0.00349   0.02844        10       640    0.7274    0.8648    0.8469    0.7385   0.02311   0.07166   0.04314
   284/299     3.85G   0.01087   0.01424  0.003559   0.02867        30       640    0.7543    0.8288    0.8534    0.7434   0.02313   0.07159   0.04344
   285/299     3.85G   0.01068   0.01384  0.003525   0.02804         8       640    0.7829    0.8087    0.8503    0.7414   0.02316   0.07232   0.04366
   286/299     3.85G   0.01081   0.01385  0.003493   0.02816        14       640    0.7479    0.8397    0.8468    0.7369   0.02317   0.07332   0.04379
   287/299     3.85G   0.01072   0.01447  0.003393   0.02858        46       640    0.7541    0.8243    0.8435    0.7358   0.02317   0.07229    0.0437
   288/299     3.85G   0.01074   0.01344  0.003389   0.02756        29       640    0.7655    0.8061    0.8468    0.7371   0.02316   0.07286   0.04346
   289/299     3.85G   0.01074   0.01396  0.003293   0.02799        14       640    0.7423    0.8318     0.843    0.7344   0.02319   0.07293   0.04362
   290/299     3.85G   0.01073   0.01368  0.003396    0.0278        15       640    0.7467    0.8405    0.8494    0.7424   0.02314   0.07202   0.04356
   291/299     3.85G   0.01078    0.0138  0.003465   0.02804        13       640    0.7415    0.8522    0.8455    0.7387   0.02313   0.07159   0.04345
   292/299     3.85G   0.01067   0.01375  0.003251   0.02767        23       640    0.7437    0.8388      0.85    0.7398   0.02312   0.07161   0.04324
   293/299     3.85G   0.01068   0.01367  0.003287   0.02764        44       640    0.7505    0.8334    0.8484    0.7417   0.02312   0.07175    0.0434
   294/299     3.85G   0.01063   0.01356  0.003293   0.02748        29       640    0.7503    0.8414    0.8436    0.7359   0.02313   0.07338   0.04384
   295/299     3.85G   0.01066   0.01366  0.003246   0.02756        15       640    0.7537    0.8366    0.8419    0.7326   0.02314   0.07459   0.04394
   296/299     3.85G   0.01066    0.0141   0.00345   0.02822        18       640    0.7497     0.821     0.836    0.7295   0.02309   0.07187   0.04358
   297/299     3.85G    0.0107   0.01384   0.00317   0.02771        30       640    0.7392    0.8457    0.8398     0.733   0.02313   0.07287   0.04353
   298/299     3.85G   0.01063   0.01405  0.003536   0.02821        18       640    0.7549    0.8287    0.8437    0.7363   0.02315    0.0738   0.04361
   299/299     3.85G    0.0107   0.01384  0.003293   0.02783        20       640    0.7629     0.833    0.8551    0.7457   0.02313   0.07368   0.04309
